# E2_bin_center  hist_tree  hist_soft  hist_hard  hist_hard_sum
5.109989e+02 3.950000e+02 3.930000e+02 6.000000e+00 0.000000e+00
5.757041e+02 1.190000e+03 1.259000e+03 2.400000e+01 3.000000e+00
6.404093e+02 2.062000e+03 2.147000e+03 3.600000e+01 3.000000e+00
7.051145e+02 2.930000e+03 2.878000e+03 6.900000e+01 5.000000e+00
7.698197e+02 3.758000e+03 3.668000e+03 6.600000e+01 1.700000e+01
8.345249e+02 4.480000e+03 4.533000e+03 9.800000e+01 2.600000e+01
8.992300e+02 5.420000e+03 5.455000e+03 1.350000e+02 4.400000e+01
9.639352e+02 6.215000e+03 6.185000e+03 1.570000e+02 5.400000e+01
1.028640e+03 7.165000e+03 7.054000e+03 1.490000e+02 7.700000e+01
1.093346e+03 7.993000e+03 7.871000e+03 1.770000e+02 8.200000e+01
1.158051e+03 9.129000e+03 8.737000e+03 2.310000e+02 1.130000e+02
1.222756e+03 9.676000e+03 9.548000e+03 2.530000e+02 1.330000e+02
1.287461e+03 1.069900e+04 1.031000e+04 2.830000e+02 1.310000e+02
1.352166e+03 1.140700e+04 1.119600e+04 2.820000e+02 1.740000e+02
1.416872e+03 1.205600e+04 1.198400e+04 3.340000e+02 1.880000e+02
1.481577e+03 1.299800e+04 1.283700e+04 3.940000e+02 2.460000e+02
1.546282e+03 1.388200e+04 1.353000e+04 4.190000e+02 2.910000e+02
1.610987e+03 1.460500e+04 1.432800e+04 4.050000e+02 2.620000e+02
1.675692e+03 1.550700e+04 1.504500e+04 4.650000e+02 3.110000e+02
1.740397e+03 1.621300e+04 1.552700e+04 5.240000e+02 3.780000e+02
1.805103e+03 1.655300e+04 1.619400e+04 4.870000e+02 3.740000e+02
1.869808e+03 1.749800e+04 1.705800e+04 5.270000e+02 3.850000e+02
1.934513e+03 1.795500e+04 1.747400e+04 5.870000e+02 4.580000e+02
1.999218e+03 1.850200e+04 1.798700e+04 6.200000e+02 4.680000e+02
2.063923e+03 1.924300e+04 1.859600e+04 6.360000e+02 5.360000e+02
2.128629e+03 1.968400e+04 1.921900e+04 6.690000e+02 5.380000e+02
2.193334e+03 1.996700e+04 1.945600e+04 7.000000e+02 5.950000e+02
2.258039e+03 2.041600e+04 1.968000e+04 7.390000e+02 6.240000e+02
2.322744e+03 2.091900e+04 2.040800e+04 7.160000e+02 6.600000e+02
2.387449e+03 2.167800e+04 2.021000e+04 7.940000e+02 6.730000e+02
2.452154e+03 2.143200e+04 2.093600e+04 7.110000e+02 6.620000e+02
2.516860e+03 2.171600e+04 2.096300e+04 7.680000e+02 7.250000e+02
2.581565e+03 2.203900e+04 2.129100e+04 7.920000e+02 7.890000e+02
2.646270e+03 2.226400e+04 2.118300e+04 8.030000e+02 7.420000e+02
2.710975e+03 2.213900e+04 2.119000e+04 8.210000e+02 7.670000e+02
2.775680e+03 2.229600e+04 2.128600e+04 8.480000e+02 7.990000e+02
2.840386e+03 2.242400e+04 2.134000e+04 8.950000e+02 8.390000e+02
2.905091e+03 2.202300e+04 2.137700e+04 8.330000e+02 9.150000e+02
2.969796e+03 2.201600e+04 2.112700e+04 9.060000e+02 9.380000e+02
3.034501e+03 2.197700e+04 2.102700e+04 8.580000e+02 8.740000e+02
3.099206e+03 2.190500e+04 2.086200e+04 9.050000e+02 9.040000e+02
3.163911e+03 2.160500e+04 2.075000e+04 8.750000e+02 8.700000e+02
3.228617e+03 2.090500e+04 2.047400e+04 8.720000e+02 9.150000e+02
3.293322e+03 2.082900e+04 1.978500e+04 8.330000e+02 8.990000e+02
3.358027e+03 2.079100e+04 1.955300e+04 8.660000e+02 9.530000e+02
3.422732e+03 2.013400e+04 1.913900e+04 8.000000e+02 9.320000e+02
3.487437e+03 1.971800e+04 1.879900e+04 7.980000e+02 8.880000e+02
3.552143e+03 1.914600e+04 1.847300e+04 8.000000e+02 9.050000e+02
3.616848e+03 1.858600e+04 1.765000e+04 8.140000e+02 8.670000e+02
3.681553e+03 1.785000e+04 1.718800e+04 7.480000e+02 8.610000e+02
3.746258e+03 1.718900e+04 1.675400e+04 7.360000e+02 8.350000e+02
3.810963e+03 1.661700e+04 1.600600e+04 7.420000e+02 8.260000e+02
3.875669e+03 1.597300e+04 1.525400e+04 7.080000e+02 8.190000e+02
3.940374e+03 1.538700e+04 1.445800e+04 7.440000e+02 8.320000e+02
4.005079e+03 1.438600e+04 1.401100e+04 6.190000e+02 8.130000e+02
4.069784e+03 1.392400e+04 1.321100e+04 6.060000e+02 7.750000e+02
4.134489e+03 1.313900e+04 1.272800e+04 6.070000e+02 7.250000e+02
4.199194e+03 1.232200e+04 1.184200e+04 5.610000e+02 7.090000e+02
4.263900e+03 1.170600e+04 1.093400e+04 5.580000e+02 6.770000e+02
4.328605e+03 1.094200e+04 1.032200e+04 5.120000e+02 6.380000e+02
4.393310e+03 1.006400e+04 9.321000e+03 4.650000e+02 5.950000e+02
4.458015e+03 9.237000e+03 8.798000e+03 4.590000e+02 5.690000e+02
4.522720e+03 8.446000e+03 8.131000e+03 3.860000e+02 5.510000e+02
4.587426e+03 7.757000e+03 7.311000e+03 3.490000e+02 4.790000e+02
4.652131e+03 7.037000e+03 6.458000e+03 3.480000e+02 4.710000e+02
4.716836e+03 6.244000e+03 5.892000e+03 2.920000e+02 4.380000e+02
4.781541e+03 5.480000e+03 5.247000e+03 2.870000e+02 3.460000e+02
4.846246e+03 4.749000e+03 4.463000e+03 2.450000e+02 3.420000e+02
4.910951e+03 4.100000e+03 3.788000e+03 2.030000e+02 2.760000e+02
4.975657e+03 3.393000e+03 3.132000e+03 1.840000e+02 2.650000e+02
5.040362e+03 2.759000e+03 2.546000e+03 1.450000e+02 2.200000e+02
5.105067e+03 2.331000e+03 2.161000e+03 1.300000e+02 1.730000e+02
5.169772e+03 1.684000e+03 1.563000e+03 9.600000e+01 1.380000e+02
5.234477e+03 1.278000e+03 1.155000e+03 6.400000e+01 1.190000e+02
5.299183e+03 8.800000e+02 8.170000e+02 5.000000e+01 6.700000e+01
5.363888e+03 5.720000e+02 4.920000e+02 2.900000e+01 5.200000e+01
5.428593e+03 2.950000e+02 2.710000e+02 1.100000e+01 1.800000e+01
5.493298e+03 1.010000e+02 8.700000e+01 7.000000e+00 1.000000e+01
5.558003e+03 1.800000e+01 1.400000e+01 2.000000e+00 2.000000e+00
