# E2_bin_center  ratio_distinguishable  ratio_indistinguishable  sirlin
5.109989e+02 9.877116e-01 9.838016e-01 nan
5.210234e+02 1.025041e+00 1.020792e+00 1.022146e+00
5.310479e+02 1.023903e+00 1.019201e+00 1.022099e+00
5.410724e+02 1.020772e+00 1.015676e+00 1.022050e+00
5.510968e+02 1.003954e+00 9.996209e-01 1.021999e+00
5.611213e+02 1.012776e+00 1.007891e+00 1.021945e+00
5.711458e+02 1.002607e+00 9.986444e-01 1.021889e+00
5.811702e+02 1.007890e+00 1.003686e+00 1.021831e+00
5.911947e+02 1.009666e+00 1.003977e+00 1.021771e+00
6.012192e+02 1.007319e+00 1.002788e+00 1.021709e+00
6.112436e+02 1.016105e+00 1.010965e+00 1.021646e+00
6.212681e+02 1.009389e+00 1.004268e+00 1.021581e+00
6.312926e+02 9.996707e-01 9.952488e-01 1.021514e+00
6.413171e+02 1.005219e+00 9.999542e-01 1.021446e+00
6.513415e+02 1.001137e+00 9.970901e-01 1.021377e+00
6.613660e+02 1.001483e+00 9.962244e-01 1.021306e+00
6.713905e+02 1.000265e+00 9.951060e-01 1.021233e+00
6.814149e+02 9.901497e-01 9.846388e-01 1.021160e+00
6.914394e+02 1.004031e+00 1.000300e+00 1.021085e+00
7.014639e+02 9.974780e-01 9.927704e-01 1.021009e+00
7.114883e+02 1.005310e+00 9.997926e-01 1.020931e+00
7.215128e+02 1.019543e+00 1.015560e+00 1.020853e+00
7.315373e+02 1.008405e+00 1.004387e+00 1.020774e+00
7.415618e+02 1.015889e+00 1.011856e+00 1.020693e+00
7.515862e+02 1.004008e+00 9.985714e-01 1.020612e+00
7.616107e+02 1.015615e+00 1.010252e+00 1.020530e+00
7.716352e+02 1.018691e+00 1.014507e+00 1.020446e+00
7.816596e+02 1.004183e+00 1.000307e+00 1.020362e+00
7.916841e+02 1.017663e+00 1.012979e+00 1.020277e+00
8.017086e+02 1.004371e+00 9.990579e-01 1.020191e+00
8.117330e+02 9.979141e-01 9.921034e-01 1.020105e+00
8.217575e+02 9.976790e-01 9.921530e-01 1.020017e+00
8.317820e+02 1.018003e+00 1.013190e+00 1.019929e+00
8.418065e+02 1.010402e+00 1.005274e+00 1.019840e+00
8.518309e+02 1.005496e+00 1.002820e+00 1.019750e+00
8.618554e+02 1.012731e+00 1.007544e+00 1.019660e+00
8.718799e+02 9.968244e-01 9.925902e-01 1.019569e+00
8.819043e+02 9.905660e-01 9.862201e-01 1.019477e+00
8.919288e+02 1.001014e+00 9.965377e-01 1.019385e+00
9.019533e+02 1.015161e+00 1.011608e+00 1.019292e+00
9.119777e+02 1.001433e+00 9.970638e-01 1.019198e+00
9.220022e+02 1.005136e+00 9.993753e-01 1.019104e+00
9.320267e+02 1.005592e+00 1.000967e+00 1.019009e+00
9.420512e+02 1.003504e+00 9.990380e-01 1.018914e+00
9.520756e+02 9.971097e-01 9.941515e-01 1.018818e+00
9.621001e+02 1.012672e+00 1.008877e+00 1.018721e+00
9.721246e+02 1.010812e+00 1.008372e+00 1.018624e+00
9.821490e+02 1.002204e+00 9.994322e-01 1.018527e+00
9.921735e+02 1.007805e+00 1.002869e+00 1.018429e+00
1.002198e+03 1.003064e+00 9.984348e-01 1.018330e+00
1.012222e+03 1.008211e+00 1.004621e+00 1.018231e+00
1.022247e+03 1.003471e+00 9.999008e-01 1.018131e+00
1.032271e+03 9.956603e-01 9.923727e-01 1.018031e+00
1.042296e+03 1.002839e+00 9.990210e-01 1.017930e+00
1.052320e+03 1.007064e+00 1.003336e+00 1.017829e+00
1.062345e+03 1.012126e+00 1.009315e+00 1.017728e+00
1.072369e+03 1.011540e+00 1.008501e+00 1.017626e+00
1.082394e+03 1.022913e+00 1.019345e+00 1.017523e+00
1.092418e+03 1.012023e+00 1.008903e+00 1.017421e+00
1.102443e+03 1.002648e+00 1.000065e+00 1.017317e+00
1.112467e+03 1.009502e+00 1.007110e+00 1.017213e+00
1.122492e+03 1.003410e+00 1.001243e+00 1.017109e+00
1.132516e+03 9.958352e-01 9.926635e-01 1.017005e+00
1.142541e+03 1.017560e+00 1.013996e+00 1.016899e+00
1.152565e+03 1.005954e+00 1.001834e+00 1.016794e+00
1.162589e+03 1.006097e+00 1.004589e+00 1.016688e+00
1.172614e+03 9.913968e-01 9.888664e-01 1.016582e+00
1.182638e+03 1.008616e+00 1.006726e+00 1.016475e+00
1.192663e+03 9.926350e-01 9.884625e-01 1.016368e+00
1.202687e+03 9.969312e-01 9.949696e-01 1.016260e+00
1.212712e+03 1.012404e+00 1.008792e+00 1.016152e+00
1.222736e+03 1.023670e+00 1.021370e+00 1.016044e+00
1.232761e+03 1.001016e+00 9.981274e-01 1.015935e+00
1.242785e+03 1.004038e+00 1.001463e+00 1.015826e+00
1.252810e+03 9.997809e-01 9.996557e-01 1.015716e+00
1.262834e+03 1.001654e+00 1.000668e+00 1.015606e+00
1.272859e+03 9.875620e-01 9.867727e-01 1.015495e+00
1.282883e+03 1.010692e+00 1.008713e+00 1.015384e+00
1.292908e+03 1.004267e+00 1.001865e+00 1.015273e+00
1.302932e+03 9.979865e-01 9.964450e-01 1.015161e+00
1.312957e+03 9.961414e-01 9.942754e-01 1.015049e+00
1.322981e+03 9.935893e-01 9.939999e-01 1.014937e+00
1.333005e+03 1.006189e+00 1.005200e+00 1.014824e+00
1.343030e+03 1.002224e+00 9.979983e-01 1.014710e+00
1.353054e+03 1.003864e+00 1.001948e+00 1.014596e+00
1.363079e+03 1.008382e+00 1.007710e+00 1.014482e+00
1.373103e+03 1.008262e+00 1.006508e+00 1.014367e+00
1.383128e+03 1.000697e+00 1.000317e+00 1.014252e+00
1.393152e+03 1.003935e+00 1.003935e+00 1.014137e+00
1.403177e+03 1.000127e+00 9.992378e-01 1.014021e+00
1.413201e+03 1.002415e+00 1.003210e+00 1.013905e+00
1.423226e+03 9.879847e-01 9.867165e-01 1.013788e+00
1.433250e+03 9.998068e-01 1.000515e+00 1.013670e+00
1.443275e+03 1.002116e+00 1.001122e+00 1.013553e+00
1.453299e+03 9.968399e-01 9.944139e-01 1.013435e+00
1.463324e+03 1.008522e+00 1.007586e+00 1.013316e+00
1.473348e+03 1.003781e+00 1.002909e+00 1.013197e+00
1.483373e+03 9.989967e-01 9.990291e-01 1.013077e+00
1.493397e+03 9.978930e-01 9.987358e-01 1.012957e+00
1.503421e+03 1.008299e+00 1.008234e+00 1.012837e+00
1.513446e+03 1.015274e+00 1.013373e+00 1.012716e+00
1.523470e+03 9.971559e-01 9.982347e-01 1.012595e+00
1.533495e+03 1.011782e+00 1.012304e+00 1.012473e+00
1.543519e+03 1.009412e+00 1.009312e+00 1.012350e+00
1.553544e+03 9.904319e-01 9.908579e-01 1.012228e+00
1.563568e+03 9.995046e-01 9.999670e-01 1.012104e+00
1.573593e+03 9.855925e-01 9.856255e-01 1.011980e+00
1.583617e+03 1.009928e+00 1.010294e+00 1.011856e+00
1.593642e+03 9.989066e-01 9.989066e-01 1.011731e+00
1.603666e+03 9.946081e-01 9.963388e-01 1.011605e+00
1.613691e+03 9.923281e-01 9.931991e-01 1.011479e+00
1.623715e+03 1.006131e+00 1.006332e+00 1.011353e+00
1.633740e+03 9.844904e-01 9.849250e-01 1.011226e+00
1.643764e+03 9.946434e-01 9.956204e-01 1.011098e+00
1.653789e+03 9.931283e-01 9.939448e-01 1.010970e+00
1.663813e+03 9.928323e-01 9.957335e-01 1.010841e+00
1.673837e+03 1.007075e+00 1.009560e+00 1.010712e+00
1.683862e+03 9.898474e-01 9.904947e-01 1.010582e+00
1.693886e+03 9.887912e-01 9.870322e-01 1.010451e+00
1.703911e+03 1.008663e+00 1.012890e+00 1.010320e+00
1.713935e+03 1.000175e+00 1.001466e+00 1.010188e+00
1.723960e+03 9.962824e-01 9.996178e-01 1.010055e+00
1.733984e+03 1.000741e+00 1.000705e+00 1.009922e+00
1.744009e+03 9.981368e-01 1.002004e+00 1.009788e+00
1.754033e+03 9.889311e-01 9.906880e-01 1.009654e+00
1.764058e+03 1.001397e+00 1.002185e+00 1.009519e+00
1.774082e+03 9.971792e-01 9.985717e-01 1.009383e+00
1.784107e+03 9.955228e-01 9.970393e-01 1.009246e+00
1.794131e+03 9.918984e-01 9.923686e-01 1.009109e+00
1.804156e+03 9.885314e-01 9.917090e-01 1.008971e+00
1.814180e+03 1.001432e+00 1.004297e+00 1.008832e+00
1.824205e+03 1.012033e+00 1.014649e+00 1.008692e+00
1.834229e+03 9.879978e-01 9.908131e-01 1.008552e+00
1.844253e+03 9.899409e-01 9.946900e-01 1.008411e+00
1.854278e+03 9.839556e-01 9.855676e-01 1.008269e+00
1.864302e+03 9.999622e-01 1.003406e+00 1.008126e+00
1.874327e+03 9.860515e-01 9.884079e-01 1.007982e+00
1.884351e+03 9.894479e-01 9.929271e-01 1.007838e+00
1.894376e+03 9.996498e-01 1.000078e+00 1.007692e+00
1.904400e+03 1.010176e+00 1.013972e+00 1.007546e+00
1.914425e+03 1.004280e+00 1.005851e+00 1.007398e+00
1.924449e+03 1.002317e+00 1.006632e+00 1.007250e+00
1.934474e+03 9.966512e-01 1.002582e+00 1.007101e+00
1.944498e+03 9.876528e-01 9.899931e-01 1.006951e+00
1.954523e+03 9.778029e-01 9.826459e-01 1.006799e+00
1.964547e+03 9.967200e-01 1.000415e+00 1.006647e+00
1.974572e+03 9.973684e-01 1.002506e+00 1.006494e+00
1.984596e+03 9.991988e-01 1.001476e+00 1.006339e+00
1.994620e+03 9.958830e-01 1.000806e+00 1.006184e+00
2.004645e+03 9.956255e-01 1.000815e+00 1.006027e+00
2.014669e+03 9.969650e-01 9.987426e-01 1.005869e+00
2.024694e+03 9.943668e-01 9.990393e-01 1.005710e+00
2.034718e+03 9.884223e-01 9.928244e-01 1.005550e+00
2.044743e+03 9.912837e-01 9.944574e-01 1.005388e+00
2.054767e+03 9.971016e-01 1.000453e+00 1.005225e+00
2.064792e+03 9.859142e-01 9.901630e-01 1.005061e+00
2.074816e+03 9.866891e-01 9.926206e-01 1.004895e+00
2.084841e+03 9.848364e-01 9.897810e-01 1.004728e+00
2.094865e+03 9.973199e-01 1.002632e+00 1.004560e+00
2.104890e+03 9.947927e-01 1.000827e+00 1.004390e+00
2.114914e+03 9.744307e-01 9.792403e-01 1.004218e+00
2.124939e+03 9.915428e-01 9.982485e-01 1.004045e+00
2.134963e+03 9.970510e-01 1.001220e+00 1.003870e+00
2.144988e+03 9.932165e-01 1.000617e+00 1.003694e+00
2.155012e+03 9.745183e-01 9.795422e-01 1.003516e+00
2.165036e+03 9.766787e-01 9.815130e-01 1.003335e+00
2.175061e+03 9.888062e-01 9.942401e-01 1.003154e+00
2.185085e+03 9.878775e-01 9.945449e-01 1.002970e+00
2.195110e+03 9.981356e-01 1.003164e+00 1.002784e+00
2.205134e+03 9.886467e-01 9.933583e-01 1.002596e+00
2.215159e+03 1.009183e+00 1.015206e+00 1.002406e+00
2.225183e+03 1.005623e+00 1.015494e+00 1.002214e+00
2.235208e+03 1.005917e+00 1.013066e+00 1.002020e+00
2.245232e+03 1.011863e+00 1.019750e+00 1.001823e+00
2.255257e+03 9.879141e-01 9.929659e-01 1.001624e+00
2.265281e+03 9.754814e-01 9.828626e-01 1.001422e+00
2.275306e+03 9.811472e-01 9.863618e-01 1.001218e+00
2.285330e+03 9.954973e-01 1.001774e+00 1.001011e+00
2.295355e+03 9.915519e-01 9.998580e-01 1.000801e+00
2.305379e+03 9.829496e-01 9.899281e-01 1.000588e+00
2.315404e+03 1.001419e+00 1.009183e+00 1.000372e+00
2.325428e+03 9.805355e-01 9.906909e-01 1.000153e+00
2.335452e+03 1.004551e+00 1.014212e+00 9.999311e-01
2.345477e+03 1.001901e+00 1.013138e+00 9.997052e-01
2.355501e+03 9.749044e-01 9.806382e-01 9.994757e-01
2.365526e+03 9.788859e-01 9.880697e-01 9.992423e-01
2.375550e+03 9.897840e-01 9.963258e-01 9.990050e-01
2.385575e+03 1.003426e+00 1.012500e+00 9.987636e-01
2.395599e+03 9.745364e-01 9.830883e-01 9.985177e-01
2.405624e+03 9.721119e-01 9.863041e-01 9.982672e-01
2.415648e+03 9.874279e-01 9.953627e-01 9.980118e-01
2.425673e+03 9.969034e-01 1.007261e+00 9.977514e-01
2.435697e+03 9.879973e-01 9.985552e-01 9.974855e-01
2.445722e+03 1.004871e+00 1.018653e+00 9.972140e-01
2.455746e+03 9.754432e-01 9.861045e-01 9.969364e-01
2.465771e+03 9.684571e-01 9.807449e-01 9.966524e-01
2.475795e+03 9.857009e-01 9.961245e-01 9.963615e-01
2.485820e+03 9.873490e-01 9.995736e-01 9.960635e-01
2.495844e+03 9.442524e-01 9.547681e-01 9.957577e-01
2.505868e+03 9.885595e-01 9.954882e-01 9.954437e-01
2.515893e+03 9.850136e-01 9.977861e-01 9.951208e-01
2.525917e+03 9.910633e-01 1.006931e+00 9.947884e-01
2.535942e+03 9.796462e-01 9.937227e-01 9.944458e-01
2.545966e+03 9.702431e-01 9.857502e-01 9.940921e-01
2.555991e+03 1.004056e+00 1.017125e+00 9.937264e-01
2.566015e+03 1.008072e+00 1.019231e+00 9.933477e-01
2.576040e+03 9.448880e-01 9.649755e-01 9.929548e-01
2.586064e+03 9.414981e-01 9.524330e-01 9.925462e-01
2.596089e+03 9.731423e-01 9.886601e-01 9.921206e-01
2.606113e+03 9.695767e-01 9.880952e-01 9.916759e-01
2.616138e+03 9.481941e-01 9.609632e-01 9.912100e-01
2.626162e+03 9.903725e-01 1.004186e+00 9.907206e-01
2.636187e+03 1.006613e+00 1.028814e+00 9.902044e-01
2.646211e+03 9.451252e-01 9.563133e-01 9.896579e-01
2.656236e+03 9.699202e-01 9.840393e-01 9.890767e-01
2.666260e+03 9.147887e-01 9.309859e-01 9.884552e-01
2.676284e+03 9.824708e-01 9.966611e-01 9.877865e-01
2.686309e+03 9.481409e-01 9.559687e-01 9.870618e-01
2.696333e+03 9.094203e-01 9.408213e-01 9.862692e-01
2.706358e+03 9.300477e-01 9.459459e-01 9.853930e-01
2.716382e+03 8.808081e-01 8.989899e-01 9.844110e-01
2.726407e+03 1.005714e+00 1.034286e+00 9.832906e-01
2.736431e+03 9.206349e-01 9.365079e-01 9.819817e-01
2.746456e+03 8.841463e-01 9.024390e-01 9.804000e-01
2.756480e+03 1.312500e+00 1.312500e+00 9.783882e-01
2.766505e+03 1.444444e+00 1.500000e+00 9.755930e-01
2.776529e+03 7.142857e-01 7.142857e-01 9.708889e-01
