Energy		corrections		shape factor		beta		neutrino
5.1100e-01	8.0702e+01	5.7895e-06	2.3844e-05	2.3844e-05
1.0571e+00	5.5258e+01	5.7872e-06	2.3457e-05	2.3457e-05
1.6031e+00	4.4261e+01	5.7849e-06	2.3114e-05	2.3114e-05
2.1492e+00	3.7806e+01	5.7827e-06	2.2835e-05	2.2835e-05
2.6953e+00	3.3458e+01	5.7804e-06	2.2607e-05	2.2607e-05
3.2414e+00	3.0286e+01	5.7782e-06	2.2417e-05	2.2417e-05
3.7874e+00	2.7848e+01	5.7760e-06	2.2258e-05	2.2258e-05
4.3335e+00	2.5902e+01	5.7739e-06	2.2120e-05	2.2120e-05
4.8796e+00	2.4303e+01	5.7717e-06	2.2001e-05	2.2001e-05
5.4256e+00	2.2962e+01	5.7696e-06	2.1896e-05	2.1896e-05
5.9717e+00	2.1816e+01	5.7675e-06	2.1802e-05	2.1802e-05
6.5178e+00	2.0823e+01	5.7654e-06	2.1717e-05	2.1717e-05
7.0639e+00	1.9953e+01	5.7634e-06	2.1640e-05	2.1640e-05
7.6099e+00	1.9181e+01	5.7613e-06	2.1570e-05	2.1570e-05
8.1560e+00	1.8491e+01	5.7593e-06	2.1504e-05	2.1504e-05
8.7021e+00	1.7870e+01	5.7573e-06	2.1444e-05	2.1444e-05
9.2481e+00	1.7307e+01	5.7554e-06	2.1387e-05	2.1387e-05
9.7942e+00	1.6794e+01	5.7534e-06	2.1334e-05	2.1334e-05
1.0340e+01	1.6324e+01	5.7515e-06	2.1284e-05	2.1284e-05
1.0886e+01	1.5891e+01	5.7496e-06	2.1237e-05	2.1237e-05
1.1432e+01	1.5490e+01	5.7477e-06	2.1193e-05	2.1193e-05
1.1979e+01	1.5119e+01	5.7459e-06	2.1150e-05	2.1150e-05
1.2525e+01	1.4773e+01	5.7440e-06	2.1110e-05	2.1110e-05
1.3071e+01	1.4449e+01	5.7422e-06	2.1071e-05	2.1071e-05
1.3617e+01	1.4147e+01	5.7404e-06	2.1034e-05	2.1034e-05
1.4163e+01	1.3863e+01	5.7387e-06	2.0998e-05	2.0998e-05
1.4709e+01	1.3595e+01	5.7369e-06	2.0964e-05	2.0964e-05
1.5255e+01	1.3343e+01	5.7352e-06	2.0931e-05	2.0931e-05
1.5801e+01	1.3104e+01	5.7335e-06	2.0900e-05	2.0900e-05
1.6347e+01	1.2878e+01	5.7319e-06	2.0869e-05	2.0869e-05
1.6893e+01	1.2664e+01	5.7302e-06	2.0840e-05	2.0840e-05
1.7439e+01	1.2460e+01	5.7286e-06	2.0812e-05	2.0812e-05
1.7985e+01	1.2266e+01	5.7270e-06	2.0784e-05	2.0784e-05
1.8531e+01	1.2081e+01	5.7254e-06	2.0758e-05	2.0758e-05
1.9077e+01	1.1905e+01	5.7238e-06	2.0732e-05	2.0732e-05
1.9624e+01	1.1736e+01	5.7223e-06	2.0707e-05	2.0707e-05
2.0170e+01	1.1575e+01	5.7208e-06	2.0683e-05	2.0683e-05
2.0716e+01	1.1420e+01	5.7193e-06	2.0659e-05	2.0659e-05
2.1262e+01	1.1272e+01	5.7178e-06	2.0636e-05	2.0636e-05
2.1808e+01	1.1130e+01	5.7164e-06	2.0614e-05	2.0614e-05
2.2354e+01	1.0993e+01	5.7150e-06	2.0592e-05	2.0592e-05
2.2900e+01	1.0861e+01	5.7136e-06	2.0571e-05	2.0571e-05
2.3446e+01	1.0735e+01	5.7122e-06	2.0551e-05	2.0551e-05
2.3992e+01	1.0613e+01	5.7108e-06	2.0531e-05	2.0531e-05
2.4538e+01	1.0495e+01	5.7095e-06	2.0511e-05	2.0511e-05
2.5084e+01	1.0381e+01	5.7082e-06	2.0493e-05	2.0493e-05
2.5630e+01	1.0272e+01	5.7069e-06	2.0474e-05	2.0474e-05
2.6176e+01	1.0165e+01	5.7056e-06	2.0456e-05	2.0456e-05
2.6722e+01	1.0063e+01	5.7044e-06	2.0438e-05	2.0438e-05
2.7269e+01	9.9636e+00	5.7032e-06	2.0421e-05	2.0421e-05
2.7815e+01	9.8675e+00	5.7020e-06	2.0404e-05	2.0404e-05
2.8361e+01	9.7743e+00	5.7008e-06	2.0388e-05	2.0388e-05
2.8907e+01	9.6840e+00	5.6996e-06	2.0372e-05	2.0372e-05
2.9453e+01	9.5964e+00	5.6985e-06	2.0356e-05	2.0356e-05
2.9999e+01	9.5114e+00	5.6974e-06	2.0341e-05	2.0341e-05
3.0545e+01	9.4288e+00	5.6963e-06	2.0326e-05	2.0326e-05
3.1091e+01	9.3485e+00	5.6952e-06	2.0311e-05	2.0311e-05
3.1637e+01	9.2705e+00	5.6942e-06	2.0296e-05	2.0296e-05
3.2183e+01	9.1947e+00	5.6932e-06	2.0282e-05	2.0282e-05
3.2729e+01	9.1209e+00	5.6922e-06	2.0268e-05	2.0268e-05
3.3275e+01	9.0491e+00	5.6912e-06	2.0255e-05	2.0255e-05
3.3821e+01	8.9791e+00	5.6902e-06	2.0241e-05	2.0241e-05
3.4367e+01	8.9110e+00	5.6893e-06	2.0228e-05	2.0228e-05
3.4914e+01	8.8446e+00	5.6884e-06	2.0216e-05	2.0216e-05
3.5460e+01	8.7798e+00	5.6875e-06	2.0203e-05	2.0203e-05
3.6006e+01	8.7167e+00	5.6866e-06	2.0191e-05	2.0191e-05
3.6552e+01	8.6551e+00	5.6858e-06	2.0178e-05	2.0178e-05
3.7098e+01	8.5949e+00	5.6850e-06	2.0167e-05	2.0167e-05
3.7644e+01	8.5362e+00	5.6842e-06	2.0155e-05	2.0155e-05
3.8190e+01	8.4789e+00	5.6834e-06	2.0143e-05	2.0143e-05
3.8736e+01	8.4229e+00	5.6827e-06	2.0132e-05	2.0132e-05
3.9282e+01	8.3682e+00	5.6819e-06	2.0121e-05	2.0121e-05
3.9828e+01	8.3147e+00	5.6812e-06	2.0110e-05	2.0110e-05
4.0374e+01	8.2624e+00	5.6805e-06	2.0099e-05	2.0099e-05
4.0920e+01	8.2112e+00	5.6799e-06	2.0089e-05	2.0089e-05
4.1466e+01	8.1611e+00	5.6792e-06	2.0078e-05	2.0078e-05
4.2012e+01	8.1121e+00	5.6786e-06	2.0068e-05	2.0068e-05
4.2559e+01	8.0641e+00	5.6780e-06	2.0058e-05	2.0058e-05
4.3105e+01	8.0172e+00	5.6774e-06	2.0048e-05	2.0048e-05
4.3651e+01	7.9712e+00	5.6769e-06	2.0038e-05	2.0038e-05
4.4197e+01	7.9261e+00	5.6763e-06	2.0028e-05	2.0028e-05
4.4743e+01	7.8820e+00	5.6758e-06	2.0019e-05	2.0019e-05
4.5289e+01	7.8387e+00	5.6753e-06	2.0010e-05	2.0010e-05
4.5835e+01	7.7962e+00	5.6749e-06	2.0000e-05	2.0000e-05
4.6381e+01	7.7546e+00	5.6744e-06	1.9991e-05	1.9991e-05
4.6927e+01	7.7138e+00	5.6740e-06	1.9982e-05	1.9982e-05
4.7473e+01	7.6738e+00	5.6736e-06	1.9973e-05	1.9973e-05
4.8019e+01	7.6345e+00	5.6732e-06	1.9965e-05	1.9965e-05
4.8565e+01	7.5960e+00	5.6729e-06	1.9956e-05	1.9956e-05
4.9111e+01	7.5581e+00	5.6726e-06	1.9947e-05	1.9947e-05
4.9657e+01	7.5210e+00	5.6722e-06	1.9939e-05	1.9939e-05
5.0204e+01	7.4845e+00	5.6720e-06	1.9931e-05	1.9931e-05
5.0750e+01	7.4487e+00	5.6717e-06	1.9922e-05	1.9922e-05
5.1296e+01	7.4135e+00	5.6714e-06	1.9914e-05	1.9914e-05
5.1842e+01	7.3789e+00	5.6712e-06	1.9906e-05	1.9906e-05
5.2388e+01	7.3449e+00	5.6710e-06	1.9898e-05	1.9898e-05
5.2934e+01	7.3115e+00	5.6708e-06	1.9890e-05	1.9890e-05
5.3480e+01	7.2787e+00	5.6707e-06	1.9883e-05	1.9883e-05
5.4026e+01	7.2464e+00	5.6705e-06	1.9875e-05	1.9875e-05
5.4572e+01	7.2147e+00	5.6704e-06	1.9867e-05	1.9867e-05
5.5118e+01	7.1835e+00	5.6703e-06	1.9860e-05	1.9860e-05
5.5664e+01	7.1528e+00	5.6703e-06	1.9852e-05	1.9852e-05
5.6210e+01	7.1225e+00	5.6702e-06	1.9845e-05	1.9845e-05
5.6756e+01	7.0928e+00	5.6702e-06	1.9838e-05	1.9838e-05
5.7302e+01	7.0636e+00	5.6702e-06	1.9830e-05	1.9830e-05
5.7849e+01	7.0348e+00	5.6702e-06	1.9823e-05	1.9823e-05
5.8395e+01	7.0064e+00	5.6703e-06	1.9816e-05	1.9816e-05
5.8941e+01	6.9785e+00	5.6703e-06	1.9809e-05	1.9809e-05
5.9487e+01	6.9510e+00	5.6704e-06	1.9802e-05	1.9802e-05
6.0033e+01	6.9240e+00	5.6705e-06	1.9795e-05	1.9795e-05
6.0579e+01	6.8973e+00	5.6706e-06	1.9788e-05	1.9788e-05
6.1125e+01	6.8711e+00	5.6708e-06	1.9782e-05	1.9782e-05
6.1671e+01	6.8452e+00	5.6710e-06	1.9775e-05	1.9775e-05
6.2217e+01	6.8197e+00	5.6711e-06	1.9768e-05	1.9768e-05
6.2763e+01	6.7946e+00	5.6714e-06	1.9761e-05	1.9761e-05
6.3309e+01	6.7699e+00	5.6716e-06	1.9755e-05	1.9755e-05
6.3855e+01	6.7455e+00	5.6719e-06	1.9748e-05	1.9748e-05
6.4401e+01	6.7214e+00	5.6721e-06	1.9742e-05	1.9742e-05
6.4947e+01	6.6977e+00	5.6724e-06	1.9735e-05	1.9735e-05
6.5494e+01	6.6744e+00	5.6728e-06	1.9729e-05	1.9729e-05
6.6040e+01	6.6513e+00	5.6731e-06	1.9723e-05	1.9723e-05
6.6586e+01	6.6286e+00	5.6735e-06	1.9716e-05	1.9716e-05
6.7132e+01	6.6062e+00	5.6739e-06	1.9710e-05	1.9710e-05
6.7678e+01	6.5840e+00	5.6743e-06	1.9704e-05	1.9704e-05
6.8224e+01	6.5622e+00	5.6747e-06	1.9698e-05	1.9698e-05
6.8770e+01	6.5407e+00	5.6752e-06	1.9691e-05	1.9691e-05
6.9316e+01	6.5195e+00	5.6757e-06	1.9685e-05	1.9685e-05
6.9862e+01	6.4985e+00	5.6762e-06	1.9679e-05	1.9679e-05
7.0408e+01	6.4778e+00	5.6767e-06	1.9673e-05	1.9673e-05
7.0954e+01	6.4574e+00	5.6772e-06	1.9667e-05	1.9667e-05
7.1500e+01	6.4372e+00	5.6778e-06	1.9661e-05	1.9661e-05
7.2046e+01	6.4173e+00	5.6784e-06	1.9655e-05	1.9655e-05
7.2592e+01	6.3977e+00	5.6790e-06	1.9649e-05	1.9649e-05
7.3139e+01	6.3783e+00	5.6796e-06	1.9643e-05	1.9643e-05
7.3685e+01	6.3591e+00	5.6803e-06	1.9637e-05	1.9637e-05
7.4231e+01	6.3402e+00	5.6809e-06	1.9631e-05	1.9631e-05
7.4777e+01	6.3215e+00	5.6816e-06	1.9625e-05	1.9625e-05
7.5323e+01	6.3031e+00	5.6824e-06	1.9620e-05	1.9620e-05
7.5869e+01	6.2848e+00	5.6831e-06	1.9614e-05	1.9614e-05
7.6415e+01	6.2668e+00	5.6839e-06	1.9608e-05	1.9608e-05
7.6961e+01	6.2490e+00	5.6846e-06	1.9602e-05	1.9602e-05
7.7507e+01	6.2314e+00	5.6854e-06	1.9596e-05	1.9596e-05
7.8053e+01	6.2141e+00	5.6863e-06	1.9591e-05	1.9591e-05
7.8599e+01	6.1969e+00	5.6871e-06	1.9585e-05	1.9585e-05
7.9145e+01	6.1799e+00	5.6880e-06	1.9579e-05	1.9579e-05
7.9691e+01	6.1632e+00	5.6889e-06	1.9574e-05	1.9574e-05
8.0237e+01	6.1466e+00	5.6898e-06	1.9568e-05	1.9568e-05
8.0784e+01	6.1302e+00	5.6907e-06	1.9562e-05	1.9562e-05
8.1330e+01	6.1140e+00	5.6917e-06	1.9557e-05	1.9557e-05
8.1876e+01	6.0980e+00	5.6927e-06	1.9551e-05	1.9551e-05
8.2422e+01	6.0821e+00	5.6937e-06	1.9545e-05	1.9545e-05
8.2968e+01	6.0665e+00	5.6947e-06	1.9540e-05	1.9540e-05
8.3514e+01	6.0510e+00	5.6957e-06	1.9534e-05	1.9534e-05
8.4060e+01	6.0357e+00	5.6968e-06	1.9528e-05	1.9528e-05
8.4606e+01	6.0205e+00	5.6979e-06	1.9523e-05	1.9523e-05
8.5152e+01	6.0055e+00	5.6990e-06	1.9517e-05	1.9517e-05
8.5698e+01	5.9907e+00	5.7001e-06	1.9512e-05	1.9512e-05
8.6244e+01	5.9760e+00	5.7013e-06	1.9506e-05	1.9506e-05
8.6790e+01	5.9615e+00	5.7025e-06	1.9501e-05	1.9501e-05
8.7336e+01	5.9472e+00	5.7037e-06	1.9495e-05	1.9495e-05
8.7882e+01	5.9330e+00	5.7049e-06	1.9490e-05	1.9490e-05
8.8429e+01	5.9189e+00	5.7061e-06	1.9484e-05	1.9484e-05
8.8975e+01	5.9050e+00	5.7074e-06	1.9478e-05	1.9478e-05
8.9521e+01	5.8913e+00	5.7087e-06	1.9473e-05	1.9473e-05
9.0067e+01	5.8777e+00	5.7100e-06	1.9467e-05	1.9467e-05
9.0613e+01	5.8642e+00	5.7113e-06	1.9462e-05	1.9462e-05
9.1159e+01	5.8508e+00	5.7126e-06	1.9456e-05	1.9456e-05
9.1705e+01	5.8376e+00	5.7140e-06	1.9451e-05	1.9451e-05
9.2251e+01	5.8246e+00	5.7154e-06	1.9445e-05	1.9445e-05
9.2797e+01	5.8116e+00	5.7168e-06	1.9440e-05	1.9440e-05
9.3343e+01	5.7988e+00	5.7182e-06	1.9434e-05	1.9434e-05
9.3889e+01	5.7861e+00	5.7197e-06	1.9429e-05	1.9429e-05
9.4435e+01	5.7736e+00	5.7212e-06	1.9423e-05	1.9423e-05
9.4981e+01	5.7611e+00	5.7227e-06	1.9418e-05	1.9418e-05
9.5527e+01	5.7488e+00	5.7242e-06	1.9412e-05	1.9412e-05
9.6074e+01	5.7366e+00	5.7257e-06	1.9407e-05	1.9407e-05
9.6620e+01	5.7245e+00	5.7273e-06	1.9401e-05	1.9401e-05
9.7166e+01	5.7126e+00	5.7289e-06	1.9395e-05	1.9395e-05
9.7712e+01	5.7007e+00	5.7305e-06	1.9390e-05	1.9390e-05
9.8258e+01	5.6890e+00	5.7321e-06	1.9384e-05	1.9384e-05
9.8804e+01	5.6774e+00	5.7338e-06	1.9379e-05	1.9379e-05
9.9350e+01	5.6659e+00	5.7355e-06	1.9373e-05	1.9373e-05
9.9896e+01	5.6545e+00	5.7372e-06	1.9368e-05	1.9368e-05
1.0044e+02	5.6432e+00	5.7389e-06	1.9362e-05	1.9362e-05
1.0099e+02	5.6320e+00	5.7406e-06	1.9356e-05	1.9356e-05
1.0153e+02	5.6209e+00	5.7424e-06	1.9351e-05	1.9351e-05
1.0208e+02	5.6099e+00	5.7441e-06	1.9345e-05	1.9345e-05
1.0263e+02	5.5990e+00	5.7460e-06	1.9340e-05	1.9340e-05
1.0317e+02	5.5882e+00	5.7478e-06	1.9334e-05	1.9334e-05
1.0372e+02	5.5775e+00	5.7496e-06	1.9328e-05	1.9328e-05
1.0426e+02	5.5669e+00	5.7515e-06	1.9323e-05	1.9323e-05
1.0481e+02	5.5564e+00	5.7534e-06	1.9317e-05	1.9317e-05
1.0536e+02	5.5460e+00	5.7553e-06	1.9311e-05	1.9311e-05
1.0590e+02	5.5357e+00	5.7572e-06	1.9306e-05	1.9306e-05
1.0645e+02	5.5254e+00	5.7592e-06	1.9300e-05	1.9300e-05
1.0699e+02	5.5153e+00	5.7612e-06	1.9294e-05	1.9294e-05
1.0754e+02	5.5052e+00	5.7632e-06	1.9289e-05	1.9289e-05
1.0809e+02	5.4953e+00	5.7652e-06	1.9283e-05	1.9283e-05
1.0863e+02	5.4854e+00	5.7672e-06	1.9277e-05	1.9277e-05
1.0918e+02	5.4756e+00	5.7693e-06	1.9271e-05	1.9271e-05
1.0973e+02	5.4659e+00	5.7714e-06	1.9266e-05	1.9266e-05
1.1027e+02	5.4563e+00	5.7735e-06	1.9260e-05	1.9260e-05
1.1082e+02	5.4467e+00	5.7756e-06	1.9254e-05	1.9254e-05
1.1136e+02	5.4373e+00	5.7777e-06	1.9248e-05	1.9248e-05
1.1191e+02	5.4279e+00	5.7799e-06	1.9243e-05	1.9243e-05
1.1246e+02	5.4186e+00	5.7821e-06	1.9237e-05	1.9237e-05
1.1300e+02	5.4093e+00	5.7843e-06	1.9231e-05	1.9231e-05
1.1355e+02	5.4002e+00	5.7866e-06	1.9225e-05	1.9225e-05
1.1409e+02	5.3911e+00	5.7888e-06	1.9219e-05	1.9219e-05
1.1464e+02	5.3821e+00	5.7911e-06	1.9213e-05	1.9213e-05
1.1519e+02	5.3732e+00	5.7934e-06	1.9207e-05	1.9207e-05
1.1573e+02	5.3643e+00	5.7957e-06	1.9201e-05	1.9201e-05
1.1628e+02	5.3555e+00	5.7981e-06	1.9195e-05	1.9195e-05
1.1682e+02	5.3468e+00	5.8004e-06	1.9189e-05	1.9189e-05
1.1737e+02	5.3382e+00	5.8028e-06	1.9183e-05	1.9183e-05
1.1792e+02	5.3296e+00	5.8052e-06	1.9177e-05	1.9177e-05
1.1846e+02	5.3211e+00	5.8077e-06	1.9171e-05	1.9171e-05
1.1901e+02	5.3126e+00	5.8101e-06	1.9165e-05	1.9165e-05
1.1955e+02	5.3043e+00	5.8126e-06	1.9159e-05	1.9159e-05
1.2010e+02	5.2959e+00	5.8151e-06	1.9153e-05	1.9153e-05
1.2065e+02	5.2877e+00	5.8176e-06	1.9147e-05	1.9147e-05
1.2119e+02	5.2795e+00	5.8201e-06	1.9141e-05	1.9141e-05
1.2174e+02	5.2714e+00	5.8227e-06	1.9135e-05	1.9135e-05
1.2228e+02	5.2633e+00	5.8253e-06	1.9129e-05	1.9129e-05
1.2283e+02	5.2553e+00	5.8279e-06	1.9122e-05	1.9122e-05
1.2338e+02	5.2474e+00	5.8305e-06	1.9116e-05	1.9116e-05
1.2392e+02	5.2395e+00	5.8331e-06	1.9110e-05	1.9110e-05
1.2447e+02	5.2317e+00	5.8358e-06	1.9104e-05	1.9104e-05
1.2502e+02	5.2240e+00	5.8385e-06	1.9097e-05	1.9097e-05
1.2556e+02	5.2163e+00	5.8412e-06	1.9091e-05	1.9091e-05
1.2611e+02	5.2086e+00	5.8439e-06	1.9085e-05	1.9085e-05
1.2665e+02	5.2010e+00	5.8467e-06	1.9078e-05	1.9078e-05
1.2720e+02	5.1935e+00	5.8495e-06	1.9072e-05	1.9072e-05
1.2775e+02	5.1860e+00	5.8523e-06	1.9066e-05	1.9066e-05
1.2829e+02	5.1786e+00	5.8551e-06	1.9059e-05	1.9059e-05
1.2884e+02	5.1713e+00	5.8579e-06	1.9053e-05	1.9053e-05
1.2938e+02	5.1640e+00	5.8608e-06	1.9046e-05	1.9046e-05
1.2993e+02	5.1567e+00	5.8637e-06	1.9040e-05	1.9040e-05
1.3048e+02	5.1495e+00	5.8666e-06	1.9033e-05	1.9033e-05
1.3102e+02	5.1424e+00	5.8695e-06	1.9027e-05	1.9027e-05
1.3157e+02	5.1352e+00	5.8725e-06	1.9020e-05	1.9020e-05
1.3211e+02	5.1282e+00	5.8754e-06	1.9013e-05	1.9013e-05
1.3266e+02	5.1212e+00	5.8784e-06	1.9007e-05	1.9007e-05
1.3321e+02	5.1142e+00	5.8814e-06	1.9000e-05	1.9000e-05
1.3375e+02	5.1073e+00	5.8845e-06	1.8993e-05	1.8993e-05
1.3430e+02	5.1005e+00	5.8875e-06	1.8987e-05	1.8987e-05
1.3484e+02	5.0937e+00	5.8906e-06	1.8980e-05	1.8980e-05
1.3539e+02	5.0869e+00	5.8937e-06	1.8973e-05	1.8973e-05
1.3594e+02	5.0802e+00	5.8968e-06	1.8966e-05	1.8966e-05
1.3648e+02	5.0736e+00	5.9000e-06	1.8959e-05	1.8959e-05
1.3703e+02	5.0669e+00	5.9031e-06	1.8953e-05	1.8953e-05
1.3757e+02	5.0604e+00	5.9063e-06	1.8946e-05	1.8946e-05
1.3812e+02	5.0538e+00	5.9095e-06	1.8939e-05	1.8939e-05
1.3867e+02	5.0474e+00	5.9128e-06	1.8932e-05	1.8932e-05
1.3921e+02	5.0409e+00	5.9160e-06	1.8925e-05	1.8925e-05
1.3976e+02	5.0345e+00	5.9193e-06	1.8918e-05	1.8918e-05
1.4031e+02	5.0282e+00	5.9226e-06	1.8911e-05	1.8911e-05
1.4085e+02	5.0219e+00	5.9259e-06	1.8904e-05	1.8904e-05
1.4140e+02	5.0156e+00	5.9292e-06	1.8897e-05	1.8897e-05
1.4194e+02	5.0094e+00	5.9326e-06	1.8889e-05	1.8889e-05
1.4249e+02	5.0032e+00	5.9360e-06	1.8882e-05	1.8882e-05
1.4304e+02	4.9970e+00	5.9394e-06	1.8875e-05	1.8875e-05
1.4358e+02	4.9909e+00	5.9428e-06	1.8868e-05	1.8868e-05
1.4413e+02	4.9849e+00	5.9462e-06	1.8860e-05	1.8860e-05
1.4467e+02	4.9788e+00	5.9497e-06	1.8853e-05	1.8853e-05
1.4522e+02	4.9729e+00	5.9532e-06	1.8846e-05	1.8846e-05
1.4577e+02	4.9669e+00	5.9567e-06	1.8838e-05	1.8838e-05
1.4631e+02	4.9610e+00	5.9602e-06	1.8831e-05	1.8831e-05
1.4686e+02	4.9551e+00	5.9638e-06	1.8824e-05	1.8824e-05
1.4740e+02	4.9493e+00	5.9673e-06	1.8816e-05	1.8816e-05
1.4795e+02	4.9435e+00	5.9709e-06	1.8809e-05	1.8809e-05
1.4850e+02	4.9377e+00	5.9746e-06	1.8801e-05	1.8801e-05
1.4904e+02	4.9320e+00	5.9782e-06	1.8793e-05	1.8793e-05
1.4959e+02	4.9263e+00	5.9819e-06	1.8786e-05	1.8786e-05
1.5013e+02	4.9207e+00	5.9855e-06	1.8778e-05	1.8778e-05
1.5068e+02	4.9151e+00	5.9892e-06	1.8770e-05	1.8770e-05
1.5123e+02	4.9095e+00	5.9930e-06	1.8763e-05	1.8763e-05
1.5177e+02	4.9039e+00	5.9967e-06	1.8755e-05	1.8755e-05
1.5232e+02	4.8984e+00	6.0005e-06	1.8747e-05	1.8747e-05
1.5286e+02	4.8930e+00	6.0043e-06	1.8739e-05	1.8739e-05
1.5341e+02	4.8875e+00	6.0081e-06	1.8731e-05	1.8731e-05
1.5396e+02	4.8821e+00	6.0119e-06	1.8723e-05	1.8723e-05
1.5450e+02	4.8767e+00	6.0158e-06	1.8716e-05	1.8716e-05
1.5505e+02	4.8714e+00	6.0196e-06	1.8708e-05	1.8708e-05
1.5560e+02	4.8661e+00	6.0235e-06	1.8699e-05	1.8699e-05
1.5614e+02	4.8608e+00	6.0274e-06	1.8691e-05	1.8691e-05
1.5669e+02	4.8555e+00	6.0314e-06	1.8683e-05	1.8683e-05
1.5723e+02	4.8503e+00	6.0354e-06	1.8675e-05	1.8675e-05
1.5778e+02	4.8451e+00	6.0393e-06	1.8667e-05	1.8667e-05
1.5833e+02	4.8400e+00	6.0433e-06	1.8659e-05	1.8659e-05
1.5887e+02	4.8349e+00	6.0474e-06	1.8650e-05	1.8650e-05
1.5942e+02	4.8298e+00	6.0514e-06	1.8642e-05	1.8642e-05
1.5996e+02	4.8247e+00	6.0555e-06	1.8634e-05	1.8634e-05
1.6051e+02	4.8197e+00	6.0596e-06	1.8625e-05	1.8625e-05
1.6106e+02	4.8147e+00	6.0637e-06	1.8617e-05	1.8617e-05
1.6160e+02	4.8097e+00	6.0678e-06	1.8608e-05	1.8608e-05
1.6215e+02	4.8048e+00	6.0720e-06	1.8600e-05	1.8600e-05
1.6269e+02	4.7999e+00	6.0761e-06	1.8591e-05	1.8591e-05
1.6324e+02	4.7950e+00	6.0803e-06	1.8583e-05	1.8583e-05
1.6379e+02	4.7901e+00	6.0846e-06	1.8574e-05	1.8574e-05
1.6433e+02	4.7853e+00	6.0888e-06	1.8565e-05	1.8565e-05
1.6488e+02	4.7805e+00	6.0931e-06	1.8557e-05	1.8557e-05
1.6542e+02	4.7757e+00	6.0974e-06	1.8548e-05	1.8548e-05
1.6597e+02	4.7710e+00	6.1017e-06	1.8539e-05	1.8539e-05
1.6652e+02	4.7662e+00	6.1060e-06	1.8530e-05	1.8530e-05
1.6706e+02	4.7615e+00	6.1103e-06	1.8521e-05	1.8521e-05
1.6761e+02	4.7569e+00	6.1147e-06	1.8512e-05	1.8512e-05
1.6815e+02	4.7522e+00	6.1191e-06	1.8503e-05	1.8503e-05
1.6870e+02	4.7476e+00	6.1235e-06	1.8494e-05	1.8494e-05
1.6925e+02	4.7430e+00	6.1279e-06	1.8485e-05	1.8485e-05
1.6979e+02	4.7385e+00	6.1324e-06	1.8476e-05	1.8476e-05
1.7034e+02	4.7339e+00	6.1369e-06	1.8467e-05	1.8467e-05
1.7089e+02	4.7294e+00	6.1414e-06	1.8458e-05	1.8458e-05
1.7143e+02	4.7249e+00	6.1459e-06	1.8448e-05	1.8448e-05
1.7198e+02	4.7205e+00	6.1504e-06	1.8439e-05	1.8439e-05
1.7252e+02	4.7160e+00	6.1550e-06	1.8430e-05	1.8430e-05
1.7307e+02	4.7116e+00	6.1596e-06	1.8420e-05	1.8420e-05
1.7362e+02	4.7072e+00	6.1642e-06	1.8411e-05	1.8411e-05
1.7416e+02	4.7028e+00	6.1688e-06	1.8401e-05	1.8401e-05
1.7471e+02	4.6985e+00	6.1735e-06	1.8392e-05	1.8392e-05
1.7525e+02	4.6942e+00	6.1781e-06	1.8382e-05	1.8382e-05
1.7580e+02	4.6899e+00	6.1828e-06	1.8373e-05	1.8373e-05
1.7635e+02	4.6856e+00	6.1876e-06	1.8363e-05	1.8363e-05
1.7689e+02	4.6814e+00	6.1923e-06	1.8353e-05	1.8353e-05
1.7744e+02	4.6771e+00	6.1970e-06	1.8343e-05	1.8343e-05
1.7798e+02	4.6729e+00	6.2018e-06	1.8334e-05	1.8334e-05
1.7853e+02	4.6687e+00	6.2066e-06	1.8324e-05	1.8324e-05
1.7908e+02	4.6646e+00	6.2114e-06	1.8314e-05	1.8314e-05
1.7962e+02	4.6604e+00	6.2163e-06	1.8304e-05	1.8304e-05
1.8017e+02	4.6563e+00	6.2212e-06	1.8294e-05	1.8294e-05
1.8071e+02	4.6522e+00	6.2260e-06	1.8284e-05	1.8284e-05
1.8126e+02	4.6482e+00	6.2309e-06	1.8273e-05	1.8273e-05
1.8181e+02	4.6441e+00	6.2359e-06	1.8263e-05	1.8263e-05
1.8235e+02	4.6401e+00	6.2408e-06	1.8253e-05	1.8253e-05
1.8290e+02	4.6361e+00	6.2458e-06	1.8243e-05	1.8243e-05
1.8344e+02	4.6321e+00	6.2508e-06	1.8232e-05	1.8232e-05
1.8399e+02	4.6281e+00	6.2558e-06	1.8222e-05	1.8222e-05
1.8454e+02	4.6242e+00	6.2608e-06	1.8211e-05	1.8211e-05
1.8508e+02	4.6202e+00	6.2659e-06	1.8201e-05	1.8201e-05
1.8563e+02	4.6163e+00	6.2710e-06	1.8190e-05	1.8190e-05
1.8618e+02	4.6124e+00	6.2761e-06	1.8180e-05	1.8180e-05
1.8672e+02	4.6086e+00	6.2812e-06	1.8169e-05	1.8169e-05
1.8727e+02	4.6047e+00	6.2864e-06	1.8158e-05	1.8158e-05
1.8781e+02	4.6009e+00	6.2915e-06	1.8148e-05	1.8148e-05
1.8836e+02	4.5971e+00	6.2967e-06	1.8137e-05	1.8137e-05
1.8891e+02	4.5933e+00	6.3019e-06	1.8126e-05	1.8126e-05
1.8945e+02	4.5895e+00	6.3071e-06	1.8115e-05	1.8115e-05
1.9000e+02	4.5857e+00	6.3124e-06	1.8104e-05	1.8104e-05
1.9054e+02	4.5820e+00	6.3177e-06	1.8093e-05	1.8093e-05
1.9109e+02	4.5783e+00	6.3230e-06	1.8082e-05	1.8082e-05
1.9164e+02	4.5746e+00	6.3283e-06	1.8071e-05	1.8071e-05
1.9218e+02	4.5709e+00	6.3336e-06	1.8059e-05	1.8059e-05
1.9273e+02	4.5673e+00	6.3390e-06	1.8048e-05	1.8048e-05
1.9327e+02	4.5636e+00	6.3444e-06	1.8037e-05	1.8037e-05
1.9382e+02	4.5600e+00	6.3498e-06	1.8025e-05	1.8025e-05
1.9437e+02	4.5564e+00	6.3552e-06	1.8014e-05	1.8014e-05
1.9491e+02	4.5528e+00	6.3606e-06	1.8002e-05	1.8002e-05
1.9546e+02	4.5492e+00	6.3661e-06	1.7991e-05	1.7991e-05
1.9600e+02	4.5457e+00	6.3716e-06	1.7979e-05	1.7979e-05
1.9655e+02	4.5421e+00	6.3771e-06	1.7968e-05	1.7968e-05
1.9710e+02	4.5386e+00	6.3826e-06	1.7956e-05	1.7956e-05
1.9764e+02	4.5351e+00	6.3882e-06	1.7944e-05	1.7944e-05
1.9819e+02	4.5316e+00	6.3938e-06	1.7932e-05	1.7932e-05
1.9873e+02	4.5281e+00	6.3994e-06	1.7920e-05	1.7920e-05
1.9928e+02	4.5247e+00	6.4050e-06	1.7908e-05	1.7908e-05
1.9983e+02	4.5212e+00	6.4106e-06	1.7896e-05	1.7896e-05
2.0037e+02	4.5178e+00	6.4163e-06	1.7884e-05	1.7884e-05
2.0092e+02	4.5144e+00	6.4220e-06	1.7872e-05	1.7872e-05
2.0147e+02	4.5110e+00	6.4277e-06	1.7860e-05	1.7860e-05
2.0201e+02	4.5076e+00	6.4334e-06	1.7848e-05	1.7848e-05
2.0256e+02	4.5043e+00	6.4391e-06	1.7835e-05	1.7835e-05
2.0310e+02	4.5009e+00	6.4449e-06	1.7823e-05	1.7823e-05
2.0365e+02	4.4976e+00	6.4507e-06	1.7810e-05	1.7810e-05
2.0420e+02	4.4943e+00	6.4565e-06	1.7798e-05	1.7798e-05
2.0474e+02	4.4910e+00	6.4623e-06	1.7785e-05	1.7785e-05
2.0529e+02	4.4877e+00	6.4682e-06	1.7773e-05	1.7773e-05
2.0583e+02	4.4844e+00	6.4741e-06	1.7760e-05	1.7760e-05
2.0638e+02	4.4812e+00	6.4800e-06	1.7747e-05	1.7747e-05
2.0693e+02	4.4780e+00	6.4859e-06	1.7734e-05	1.7734e-05
2.0747e+02	4.4747e+00	6.4918e-06	1.7721e-05	1.7721e-05
2.0802e+02	4.4715e+00	6.4978e-06	1.7708e-05	1.7708e-05
2.0856e+02	4.4683e+00	6.5038e-06	1.7695e-05	1.7695e-05
2.0911e+02	4.4652e+00	6.5098e-06	1.7682e-05	1.7682e-05
2.0966e+02	4.4620e+00	6.5158e-06	1.7669e-05	1.7669e-05
2.1020e+02	4.4588e+00	6.5218e-06	1.7656e-05	1.7656e-05
2.1075e+02	4.4557e+00	6.5279e-06	1.7643e-05	1.7643e-05
2.1129e+02	4.4526e+00	6.5340e-06	1.7629e-05	1.7629e-05
2.1184e+02	4.4495e+00	6.5401e-06	1.7616e-05	1.7616e-05
2.1239e+02	4.4464e+00	6.5462e-06	1.7602e-05	1.7602e-05
2.1293e+02	4.4433e+00	6.5524e-06	1.7589e-05	1.7589e-05
2.1348e+02	4.4402e+00	6.5586e-06	1.7575e-05	1.7575e-05
2.1402e+02	4.4372e+00	6.5648e-06	1.7562e-05	1.7562e-05
2.1457e+02	4.4341e+00	6.5710e-06	1.7548e-05	1.7548e-05
2.1512e+02	4.4311e+00	6.5772e-06	1.7534e-05	1.7534e-05
2.1566e+02	4.4281e+00	6.5835e-06	1.7520e-05	1.7520e-05
2.1621e+02	4.4251e+00	6.5898e-06	1.7506e-05	1.7506e-05
2.1676e+02	4.4221e+00	6.5961e-06	1.7492e-05	1.7492e-05
2.1730e+02	4.4191e+00	6.6024e-06	1.7478e-05	1.7478e-05
2.1785e+02	4.4162e+00	6.6088e-06	1.7464e-05	1.7464e-05
2.1839e+02	4.4132e+00	6.6151e-06	1.7450e-05	1.7450e-05
2.1894e+02	4.4103e+00	6.6215e-06	1.7436e-05	1.7436e-05
2.1949e+02	4.4074e+00	6.6279e-06	1.7421e-05	1.7421e-05
2.2003e+02	4.4045e+00	6.6344e-06	1.7407e-05	1.7407e-05
2.2058e+02	4.4016e+00	6.6408e-06	1.7392e-05	1.7392e-05
2.2112e+02	4.3987e+00	6.6473e-06	1.7378e-05	1.7378e-05
2.2167e+02	4.3958e+00	6.6538e-06	1.7363e-05	1.7363e-05
2.2222e+02	4.3930e+00	6.6603e-06	1.7348e-05	1.7348e-05
2.2276e+02	4.3901e+00	6.6669e-06	1.7334e-05	1.7334e-05
2.2331e+02	4.3873e+00	6.6734e-06	1.7319e-05	1.7319e-05
2.2385e+02	4.3845e+00	6.6800e-06	1.7304e-05	1.7304e-05
2.2440e+02	4.3816e+00	6.6866e-06	1.7289e-05	1.7289e-05
2.2495e+02	4.3788e+00	6.6932e-06	1.7274e-05	1.7274e-05
2.2549e+02	4.3761e+00	6.6999e-06	1.7259e-05	1.7259e-05
2.2604e+02	4.3733e+00	6.7066e-06	1.7244e-05	1.7244e-05
2.2658e+02	4.3705e+00	6.7133e-06	1.7228e-05	1.7228e-05
2.2713e+02	4.3678e+00	6.7200e-06	1.7213e-05	1.7213e-05
2.2768e+02	4.3650e+00	6.7267e-06	1.7198e-05	1.7198e-05
2.2822e+02	4.3623e+00	6.7335e-06	1.7182e-05	1.7182e-05
2.2877e+02	4.3596e+00	6.7402e-06	1.7167e-05	1.7167e-05
2.2931e+02	4.3569e+00	6.7470e-06	1.7151e-05	1.7151e-05
2.2986e+02	4.3542e+00	6.7539e-06	1.7135e-05	1.7135e-05
2.3041e+02	4.3515e+00	6.7607e-06	1.7120e-05	1.7120e-05
2.3095e+02	4.3488e+00	6.7676e-06	1.7104e-05	1.7104e-05
2.3150e+02	4.3461e+00	6.7745e-06	1.7088e-05	1.7088e-05
2.3205e+02	4.3435e+00	6.7814e-06	1.7072e-05	1.7072e-05
2.3259e+02	4.3408e+00	6.7883e-06	1.7056e-05	1.7056e-05
2.3314e+02	4.3382e+00	6.7952e-06	1.7040e-05	1.7040e-05
2.3368e+02	4.3356e+00	6.8022e-06	1.7023e-05	1.7023e-05
2.3423e+02	4.3330e+00	6.8092e-06	1.7007e-05	1.7007e-05
2.3478e+02	4.3304e+00	6.8162e-06	1.6991e-05	1.6991e-05
2.3532e+02	4.3278e+00	6.8233e-06	1.6974e-05	1.6974e-05
2.3587e+02	4.3252e+00	6.8303e-06	1.6958e-05	1.6958e-05
2.3641e+02	4.3226e+00	6.8374e-06	1.6941e-05	1.6941e-05
2.3696e+02	4.3201e+00	6.8445e-06	1.6925e-05	1.6925e-05
2.3751e+02	4.3175e+00	6.8516e-06	1.6908e-05	1.6908e-05
2.3805e+02	4.3150e+00	6.8588e-06	1.6891e-05	1.6891e-05
2.3860e+02	4.3125e+00	6.8659e-06	1.6874e-05	1.6874e-05
2.3914e+02	4.3099e+00	6.8731e-06	1.6857e-05	1.6857e-05
2.3969e+02	4.3074e+00	6.8803e-06	1.6840e-05	1.6840e-05
2.4024e+02	4.3049e+00	6.8876e-06	1.6823e-05	1.6823e-05
2.4078e+02	4.3024e+00	6.8948e-06	1.6806e-05	1.6806e-05
2.4133e+02	4.3000e+00	6.9021e-06	1.6789e-05	1.6789e-05
2.4187e+02	4.2975e+00	6.9094e-06	1.6771e-05	1.6771e-05
2.4242e+02	4.2950e+00	6.9167e-06	1.6754e-05	1.6754e-05
2.4297e+02	4.2926e+00	6.9240e-06	1.6736e-05	1.6736e-05
2.4351e+02	4.2901e+00	6.9314e-06	1.6719e-05	1.6719e-05
2.4406e+02	4.2877e+00	6.9388e-06	1.6701e-05	1.6701e-05
2.4460e+02	4.2853e+00	6.9462e-06	1.6683e-05	1.6683e-05
2.4515e+02	4.2829e+00	6.9536e-06	1.6666e-05	1.6666e-05
2.4570e+02	4.2805e+00	6.9610e-06	1.6648e-05	1.6648e-05
2.4624e+02	4.2781e+00	6.9685e-06	1.6630e-05	1.6630e-05
2.4679e+02	4.2757e+00	6.9760e-06	1.6612e-05	1.6612e-05
2.4734e+02	4.2733e+00	6.9835e-06	1.6594e-05	1.6594e-05
2.4788e+02	4.2710e+00	6.9910e-06	1.6575e-05	1.6575e-05
2.4843e+02	4.2686e+00	6.9986e-06	1.6557e-05	1.6557e-05
2.4897e+02	4.2663e+00	7.0061e-06	1.6539e-05	1.6539e-05
2.4952e+02	4.2639e+00	7.0137e-06	1.6520e-05	1.6520e-05
2.5007e+02	4.2616e+00	7.0214e-06	1.6502e-05	1.6502e-05
2.5061e+02	4.2593e+00	7.0290e-06	1.6483e-05	1.6483e-05
2.5116e+02	4.2569e+00	7.0367e-06	1.6464e-05	1.6464e-05
2.5170e+02	4.2546e+00	7.0443e-06	1.6446e-05	1.6446e-05
2.5225e+02	4.2523e+00	7.0520e-06	1.6427e-05	1.6427e-05
2.5280e+02	4.2501e+00	7.0598e-06	1.6408e-05	1.6408e-05
2.5334e+02	4.2478e+00	7.0675e-06	1.6389e-05	1.6389e-05
2.5389e+02	4.2455e+00	7.0753e-06	1.6370e-05	1.6370e-05
2.5443e+02	4.2432e+00	7.0831e-06	1.6350e-05	1.6350e-05
2.5498e+02	4.2410e+00	7.0909e-06	1.6331e-05	1.6331e-05
2.5553e+02	4.2387e+00	7.0987e-06	1.6312e-05	1.6312e-05
2.5607e+02	4.2365e+00	7.1066e-06	1.6292e-05	1.6292e-05
2.5662e+02	4.2343e+00	7.1144e-06	1.6273e-05	1.6273e-05
2.5716e+02	4.2321e+00	7.1223e-06	1.6253e-05	1.6253e-05
2.5771e+02	4.2298e+00	7.1302e-06	1.6234e-05	1.6234e-05
2.5826e+02	4.2276e+00	7.1382e-06	1.6214e-05	1.6214e-05
2.5880e+02	4.2254e+00	7.1461e-06	1.6194e-05	1.6194e-05
2.5935e+02	4.2233e+00	7.1541e-06	1.6174e-05	1.6174e-05
2.5989e+02	4.2211e+00	7.1621e-06	1.6154e-05	1.6154e-05
2.6044e+02	4.2189e+00	7.1702e-06	1.6134e-05	1.6134e-05
2.6099e+02	4.2167e+00	7.1782e-06	1.6114e-05	1.6114e-05
2.6153e+02	4.2146e+00	7.1863e-06	1.6093e-05	1.6093e-05
2.6208e+02	4.2124e+00	7.1944e-06	1.6073e-05	1.6073e-05
2.6263e+02	4.2103e+00	7.2025e-06	1.6053e-05	1.6053e-05
2.6317e+02	4.2081e+00	7.2106e-06	1.6032e-05	1.6032e-05
2.6372e+02	4.2060e+00	7.2188e-06	1.6012e-05	1.6012e-05
2.6426e+02	4.2039e+00	7.2269e-06	1.5991e-05	1.5991e-05
2.6481e+02	4.2018e+00	7.2351e-06	1.5970e-05	1.5970e-05
2.6536e+02	4.1997e+00	7.2433e-06	1.5949e-05	1.5949e-05
2.6590e+02	4.1976e+00	7.2516e-06	1.5928e-05	1.5928e-05
2.6645e+02	4.1955e+00	7.2598e-06	1.5907e-05	1.5907e-05
2.6699e+02	4.1934e+00	7.2681e-06	1.5886e-05	1.5886e-05
2.6754e+02	4.1913e+00	7.2764e-06	1.5865e-05	1.5865e-05
2.6809e+02	4.1893e+00	7.2848e-06	1.5844e-05	1.5844e-05
2.6863e+02	4.1872e+00	7.2931e-06	1.5822e-05	1.5822e-05
2.6918e+02	4.1852e+00	7.3015e-06	1.5801e-05	1.5801e-05
2.6972e+02	4.1831e+00	7.3099e-06	1.5779e-05	1.5779e-05
2.7027e+02	4.1811e+00	7.3183e-06	1.5758e-05	1.5758e-05
2.7082e+02	4.1790e+00	7.3267e-06	1.5736e-05	1.5736e-05
2.7136e+02	4.1770e+00	7.3352e-06	1.5714e-05	1.5714e-05
2.7191e+02	4.1750e+00	7.3436e-06	1.5692e-05	1.5692e-05
2.7245e+02	4.1730e+00	7.3521e-06	1.5670e-05	1.5670e-05
2.7300e+02	4.1710e+00	7.3607e-06	1.5648e-05	1.5648e-05
2.7355e+02	4.1690e+00	7.3692e-06	1.5626e-05	1.5626e-05
2.7409e+02	4.1670e+00	7.3778e-06	1.5604e-05	1.5604e-05
2.7464e+02	4.1650e+00	7.3863e-06	1.5581e-05	1.5581e-05
2.7518e+02	4.1630e+00	7.3949e-06	1.5559e-05	1.5559e-05
2.7573e+02	4.1611e+00	7.4036e-06	1.5536e-05	1.5536e-05
2.7628e+02	4.1591e+00	7.4122e-06	1.5514e-05	1.5514e-05
2.7682e+02	4.1571e+00	7.4209e-06	1.5491e-05	1.5491e-05
2.7737e+02	4.1552e+00	7.4296e-06	1.5468e-05	1.5468e-05
2.7792e+02	4.1533e+00	7.4383e-06	1.5446e-05	1.5446e-05
2.7846e+02	4.1513e+00	7.4470e-06	1.5423e-05	1.5423e-05
2.7901e+02	4.1494e+00	7.4558e-06	1.5400e-05	1.5400e-05
2.7955e+02	4.1475e+00	7.4646e-06	1.5376e-05	1.5376e-05
2.8010e+02	4.1455e+00	7.4734e-06	1.5353e-05	1.5353e-05
2.8065e+02	4.1436e+00	7.4822e-06	1.5330e-05	1.5330e-05
2.8119e+02	4.1417e+00	7.4910e-06	1.5307e-05	1.5307e-05
2.8174e+02	4.1398e+00	7.4999e-06	1.5283e-05	1.5283e-05
2.8228e+02	4.1379e+00	7.5088e-06	1.5259e-05	1.5259e-05
2.8283e+02	4.1361e+00	7.5177e-06	1.5236e-05	1.5236e-05
2.8338e+02	4.1342e+00	7.5266e-06	1.5212e-05	1.5212e-05
2.8392e+02	4.1323e+00	7.5355e-06	1.5188e-05	1.5188e-05
2.8447e+02	4.1304e+00	7.5445e-06	1.5164e-05	1.5164e-05
2.8501e+02	4.1286e+00	7.5535e-06	1.5140e-05	1.5140e-05
2.8556e+02	4.1267e+00	7.5625e-06	1.5116e-05	1.5116e-05
2.8611e+02	4.1249e+00	7.5716e-06	1.5092e-05	1.5092e-05
2.8665e+02	4.1230e+00	7.5806e-06	1.5068e-05	1.5068e-05
2.8720e+02	4.1212e+00	7.5897e-06	1.5043e-05	1.5043e-05
2.8774e+02	4.1194e+00	7.5988e-06	1.5019e-05	1.5019e-05
2.8829e+02	4.1175e+00	7.6079e-06	1.4994e-05	1.4994e-05
2.8884e+02	4.1157e+00	7.6170e-06	1.4970e-05	1.4970e-05
2.8938e+02	4.1139e+00	7.6262e-06	1.4945e-05	1.4945e-05
2.8993e+02	4.1121e+00	7.6354e-06	1.4920e-05	1.4920e-05
2.9047e+02	4.1103e+00	7.6446e-06	1.4895e-05	1.4895e-05
2.9102e+02	4.1085e+00	7.6538e-06	1.4870e-05	1.4870e-05
2.9157e+02	4.1067e+00	7.6631e-06	1.4845e-05	1.4845e-05
2.9211e+02	4.1049e+00	7.6724e-06	1.4820e-05	1.4820e-05
2.9266e+02	4.1031e+00	7.6816e-06	1.4795e-05	1.4795e-05
2.9321e+02	4.1014e+00	7.6910e-06	1.4769e-05	1.4769e-05
2.9375e+02	4.0996e+00	7.7003e-06	1.4744e-05	1.4744e-05
2.9430e+02	4.0978e+00	7.7097e-06	1.4718e-05	1.4718e-05
2.9484e+02	4.0961e+00	7.7190e-06	1.4693e-05	1.4693e-05
2.9539e+02	4.0943e+00	7.7284e-06	1.4667e-05	1.4667e-05
2.9594e+02	4.0926e+00	7.7379e-06	1.4641e-05	1.4641e-05
2.9648e+02	4.0908e+00	7.7473e-06	1.4615e-05	1.4615e-05
2.9703e+02	4.0891e+00	7.7568e-06	1.4589e-05	1.4589e-05
2.9757e+02	4.0874e+00	7.7662e-06	1.4563e-05	1.4563e-05
2.9812e+02	4.0857e+00	7.7758e-06	1.4537e-05	1.4537e-05
2.9867e+02	4.0839e+00	7.7853e-06	1.4510e-05	1.4510e-05
2.9921e+02	4.0822e+00	7.7948e-06	1.4484e-05	1.4484e-05
2.9976e+02	4.0805e+00	7.8044e-06	1.4458e-05	1.4458e-05
3.0030e+02	4.0788e+00	7.8140e-06	1.4431e-05	1.4431e-05
3.0085e+02	4.0771e+00	7.8236e-06	1.4404e-05	1.4404e-05
3.0140e+02	4.0754e+00	7.8333e-06	1.4378e-05	1.4378e-05
3.0194e+02	4.0737e+00	7.8429e-06	1.4351e-05	1.4351e-05
3.0249e+02	4.0721e+00	7.8526e-06	1.4324e-05	1.4324e-05
3.0303e+02	4.0704e+00	7.8623e-06	1.4297e-05	1.4297e-05
3.0358e+02	4.0687e+00	7.8720e-06	1.4270e-05	1.4270e-05
3.0413e+02	4.0670e+00	7.8818e-06	1.4243e-05	1.4243e-05
3.0467e+02	4.0654e+00	7.8915e-06	1.4215e-05	1.4215e-05
3.0522e+02	4.0637e+00	7.9013e-06	1.4188e-05	1.4188e-05
3.0576e+02	4.0621e+00	7.9111e-06	1.4161e-05	1.4161e-05
3.0631e+02	4.0604e+00	7.9210e-06	1.4133e-05	1.4133e-05
3.0686e+02	4.0588e+00	7.9308e-06	1.4105e-05	1.4105e-05
3.0740e+02	4.0571e+00	7.9407e-06	1.4078e-05	1.4078e-05
3.0795e+02	4.0555e+00	7.9506e-06	1.4050e-05	1.4050e-05
3.0850e+02	4.0539e+00	7.9605e-06	1.4022e-05	1.4022e-05
3.0904e+02	4.0523e+00	7.9704e-06	1.3994e-05	1.3994e-05
3.0959e+02	4.0507e+00	7.9804e-06	1.3966e-05	1.3966e-05
3.1013e+02	4.0490e+00	7.9904e-06	1.3938e-05	1.3938e-05
3.1068e+02	4.0474e+00	8.0004e-06	1.3909e-05	1.3909e-05
3.1123e+02	4.0458e+00	8.0104e-06	1.3881e-05	1.3881e-05
3.1177e+02	4.0442e+00	8.0204e-06	1.3852e-05	1.3852e-05
3.1232e+02	4.0426e+00	8.0305e-06	1.3824e-05	1.3824e-05
3.1286e+02	4.0411e+00	8.0406e-06	1.3795e-05	1.3795e-05
3.1341e+02	4.0395e+00	8.0507e-06	1.3766e-05	1.3766e-05
3.1396e+02	4.0379e+00	8.0608e-06	1.3738e-05	1.3738e-05
3.1450e+02	4.0363e+00	8.0710e-06	1.3709e-05	1.3709e-05
3.1505e+02	4.0347e+00	8.0812e-06	1.3680e-05	1.3680e-05
3.1559e+02	4.0332e+00	8.0914e-06	1.3651e-05	1.3651e-05
3.1614e+02	4.0316e+00	8.1016e-06	1.3621e-05	1.3621e-05
3.1669e+02	4.0301e+00	8.1118e-06	1.3592e-05	1.3592e-05
3.1723e+02	4.0285e+00	8.1221e-06	1.3563e-05	1.3563e-05
3.1778e+02	4.0270e+00	8.1324e-06	1.3533e-05	1.3533e-05
3.1832e+02	4.0254e+00	8.1427e-06	1.3504e-05	1.3504e-05
3.1887e+02	4.0239e+00	8.1530e-06	1.3474e-05	1.3474e-05
3.1942e+02	4.0224e+00	8.1633e-06	1.3444e-05	1.3444e-05
3.1996e+02	4.0208e+00	8.1737e-06	1.3414e-05	1.3414e-05
3.2051e+02	4.0193e+00	8.1841e-06	1.3385e-05	1.3385e-05
3.2105e+02	4.0178e+00	8.1945e-06	1.3355e-05	1.3355e-05
3.2160e+02	4.0163e+00	8.2049e-06	1.3324e-05	1.3324e-05
3.2215e+02	4.0148e+00	8.2154e-06	1.3294e-05	1.3294e-05
3.2269e+02	4.0132e+00	8.2259e-06	1.3264e-05	1.3264e-05
3.2324e+02	4.0117e+00	8.2363e-06	1.3234e-05	1.3234e-05
3.2379e+02	4.0102e+00	8.2469e-06	1.3203e-05	1.3203e-05
3.2433e+02	4.0088e+00	8.2574e-06	1.3173e-05	1.3173e-05
3.2488e+02	4.0073e+00	8.2680e-06	1.3142e-05	1.3142e-05
3.2542e+02	4.0058e+00	8.2786e-06	1.3111e-05	1.3111e-05
3.2597e+02	4.0043e+00	8.2892e-06	1.3080e-05	1.3080e-05
3.2652e+02	4.0028e+00	8.2998e-06	1.3050e-05	1.3050e-05
3.2706e+02	4.0013e+00	8.3104e-06	1.3019e-05	1.3019e-05
3.2761e+02	3.9999e+00	8.3211e-06	1.2987e-05	1.2987e-05
3.2815e+02	3.9984e+00	8.3318e-06	1.2956e-05	1.2956e-05
3.2870e+02	3.9969e+00	8.3425e-06	1.2925e-05	1.2925e-05
3.2925e+02	3.9955e+00	8.3532e-06	1.2894e-05	1.2894e-05
3.2979e+02	3.9940e+00	8.3640e-06	1.2862e-05	1.2862e-05
3.3034e+02	3.9926e+00	8.3748e-06	1.2831e-05	1.2831e-05
3.3088e+02	3.9911e+00	8.3856e-06	1.2799e-05	1.2799e-05
3.3143e+02	3.9897e+00	8.3964e-06	1.2767e-05	1.2767e-05
3.3198e+02	3.9883e+00	8.4072e-06	1.2736e-05	1.2736e-05
3.3252e+02	3.9868e+00	8.4181e-06	1.2704e-05	1.2704e-05
3.3307e+02	3.9854e+00	8.4290e-06	1.2672e-05	1.2672e-05
3.3361e+02	3.9840e+00	8.4399e-06	1.2640e-05	1.2640e-05
3.3416e+02	3.9826e+00	8.4508e-06	1.2608e-05	1.2608e-05
3.3471e+02	3.9811e+00	8.4617e-06	1.2575e-05	1.2575e-05
3.3525e+02	3.9797e+00	8.4727e-06	1.2543e-05	1.2543e-05
3.3580e+02	3.9783e+00	8.4837e-06	1.2511e-05	1.2511e-05
3.3634e+02	3.9769e+00	8.4947e-06	1.2478e-05	1.2478e-05
3.3689e+02	3.9755e+00	8.5058e-06	1.2446e-05	1.2446e-05
3.3744e+02	3.9741e+00	8.5168e-06	1.2413e-05	1.2413e-05
3.3798e+02	3.9727e+00	8.5279e-06	1.2380e-05	1.2380e-05
3.3853e+02	3.9713e+00	8.5390e-06	1.2347e-05	1.2347e-05
3.3908e+02	3.9699e+00	8.5501e-06	1.2315e-05	1.2315e-05
3.3962e+02	3.9686e+00	8.5612e-06	1.2282e-05	1.2282e-05
3.4017e+02	3.9672e+00	8.5724e-06	1.2249e-05	1.2249e-05
3.4071e+02	3.9658e+00	8.5836e-06	1.2215e-05	1.2215e-05
3.4126e+02	3.9644e+00	8.5948e-06	1.2182e-05	1.2182e-05
3.4181e+02	3.9631e+00	8.6060e-06	1.2149e-05	1.2149e-05
3.4235e+02	3.9617e+00	8.6173e-06	1.2115e-05	1.2115e-05
3.4290e+02	3.9603e+00	8.6286e-06	1.2082e-05	1.2082e-05
3.4344e+02	3.9590e+00	8.6398e-06	1.2048e-05	1.2048e-05
3.4399e+02	3.9576e+00	8.6512e-06	1.2015e-05	1.2015e-05
3.4454e+02	3.9563e+00	8.6625e-06	1.1981e-05	1.1981e-05
3.4508e+02	3.9549e+00	8.6739e-06	1.1947e-05	1.1947e-05
3.4563e+02	3.9536e+00	8.6852e-06	1.1913e-05	1.1913e-05
3.4617e+02	3.9522e+00	8.6966e-06	1.1879e-05	1.1879e-05
3.4672e+02	3.9509e+00	8.7081e-06	1.1845e-05	1.1845e-05
3.4727e+02	3.9496e+00	8.7195e-06	1.1811e-05	1.1811e-05
3.4781e+02	3.9482e+00	8.7310e-06	1.1777e-05	1.1777e-05
3.4836e+02	3.9469e+00	8.7424e-06	1.1742e-05	1.1742e-05
3.4890e+02	3.9456e+00	8.7540e-06	1.1708e-05	1.1708e-05
3.4945e+02	3.9443e+00	8.7655e-06	1.1673e-05	1.1673e-05
3.5000e+02	3.9429e+00	8.7770e-06	1.1639e-05	1.1639e-05
3.5054e+02	3.9416e+00	8.7886e-06	1.1604e-05	1.1604e-05
3.5109e+02	3.9403e+00	8.8002e-06	1.1569e-05	1.1569e-05
3.5163e+02	3.9390e+00	8.8118e-06	1.1535e-05	1.1535e-05
3.5218e+02	3.9377e+00	8.8234e-06	1.1500e-05	1.1500e-05
3.5273e+02	3.9364e+00	8.8351e-06	1.1465e-05	1.1465e-05
3.5327e+02	3.9351e+00	8.8468e-06	1.1430e-05	1.1430e-05
3.5382e+02	3.9338e+00	8.8585e-06	1.1395e-05	1.1395e-05
3.5437e+02	3.9325e+00	8.8702e-06	1.1359e-05	1.1359e-05
3.5491e+02	3.9313e+00	8.8820e-06	1.1324e-05	1.1324e-05
3.5546e+02	3.9300e+00	8.8937e-06	1.1289e-05	1.1289e-05
3.5600e+02	3.9287e+00	8.9055e-06	1.1253e-05	1.1253e-05
3.5655e+02	3.9274e+00	8.9173e-06	1.1218e-05	1.1218e-05
3.5710e+02	3.9261e+00	8.9291e-06	1.1182e-05	1.1182e-05
3.5764e+02	3.9249e+00	8.9410e-06	1.1147e-05	1.1147e-05
3.5819e+02	3.9236e+00	8.9529e-06	1.1111e-05	1.1111e-05
3.5873e+02	3.9223e+00	8.9648e-06	1.1075e-05	1.1075e-05
3.5928e+02	3.9211e+00	8.9767e-06	1.1039e-05	1.1039e-05
3.5983e+02	3.9198e+00	8.9886e-06	1.1003e-05	1.1003e-05
3.6037e+02	3.9186e+00	9.0006e-06	1.0967e-05	1.0967e-05
3.6092e+02	3.9173e+00	9.0126e-06	1.0931e-05	1.0931e-05
3.6146e+02	3.9161e+00	9.0246e-06	1.0895e-05	1.0895e-05
3.6201e+02	3.9148e+00	9.0366e-06	1.0858e-05	1.0858e-05
3.6256e+02	3.9136e+00	9.0486e-06	1.0822e-05	1.0822e-05
3.6310e+02	3.9123e+00	9.0607e-06	1.0786e-05	1.0786e-05
3.6365e+02	3.9111e+00	9.0728e-06	1.0749e-05	1.0749e-05
3.6419e+02	3.9099e+00	9.0849e-06	1.0713e-05	1.0713e-05
3.6474e+02	3.9086e+00	9.0970e-06	1.0676e-05	1.0676e-05
3.6529e+02	3.9074e+00	9.1092e-06	1.0639e-05	1.0639e-05
3.6583e+02	3.9062e+00	9.1214e-06	1.0603e-05	1.0603e-05
3.6638e+02	3.9050e+00	9.1336e-06	1.0566e-05	1.0566e-05
3.6693e+02	3.9038e+00	9.1458e-06	1.0529e-05	1.0529e-05
3.6747e+02	3.9025e+00	9.1580e-06	1.0492e-05	1.0492e-05
3.6802e+02	3.9013e+00	9.1703e-06	1.0455e-05	1.0455e-05
3.6856e+02	3.9001e+00	9.1826e-06	1.0418e-05	1.0418e-05
3.6911e+02	3.8989e+00	9.1949e-06	1.0380e-05	1.0380e-05
3.6966e+02	3.8977e+00	9.2072e-06	1.0343e-05	1.0343e-05
3.7020e+02	3.8965e+00	9.2195e-06	1.0306e-05	1.0306e-05
3.7075e+02	3.8953e+00	9.2319e-06	1.0268e-05	1.0268e-05
3.7129e+02	3.8941e+00	9.2443e-06	1.0231e-05	1.0231e-05
3.7184e+02	3.8929e+00	9.2567e-06	1.0193e-05	1.0193e-05
3.7239e+02	3.8917e+00	9.2691e-06	1.0156e-05	1.0156e-05
3.7293e+02	3.8906e+00	9.2816e-06	1.0118e-05	1.0118e-05
3.7348e+02	3.8894e+00	9.2941e-06	1.0081e-05	1.0081e-05
3.7402e+02	3.8882e+00	9.3066e-06	1.0043e-05	1.0043e-05
3.7457e+02	3.8870e+00	9.3191e-06	1.0005e-05	1.0005e-05
3.7512e+02	3.8858e+00	9.3316e-06	9.9670e-06	9.9670e-06
3.7566e+02	3.8847e+00	9.3442e-06	9.9290e-06	9.9290e-06
3.7621e+02	3.8835e+00	9.3568e-06	9.8910e-06	9.8910e-06
3.7675e+02	3.8823e+00	9.3694e-06	9.8529e-06	9.8529e-06
3.7730e+02	3.8812e+00	9.3820e-06	9.8147e-06	9.8147e-06
3.7785e+02	3.8800e+00	9.3946e-06	9.7765e-06	9.7765e-06
3.7839e+02	3.8788e+00	9.4073e-06	9.7382e-06	9.7382e-06
3.7894e+02	3.8777e+00	9.4200e-06	9.6998e-06	9.6998e-06
3.7948e+02	3.8765e+00	9.4327e-06	9.6614e-06	9.6614e-06
3.8003e+02	3.8754e+00	9.4454e-06	9.6230e-06	9.6230e-06
3.8058e+02	3.8742e+00	9.4582e-06	9.5845e-06	9.5845e-06
3.8112e+02	3.8731e+00	9.4710e-06	9.5459e-06	9.5459e-06
3.8167e+02	3.8719e+00	9.4838e-06	9.5072e-06	9.5072e-06
3.8222e+02	3.8708e+00	9.4966e-06	9.4686e-06	9.4686e-06
3.8276e+02	3.8697e+00	9.5094e-06	9.4298e-06	9.4298e-06
3.8331e+02	3.8685e+00	9.5223e-06	9.3910e-06	9.3910e-06
3.8385e+02	3.8674e+00	9.5352e-06	9.3521e-06	9.3521e-06
3.8440e+02	3.8663e+00	9.5481e-06	9.3132e-06	9.3132e-06
3.8495e+02	3.8651e+00	9.5610e-06	9.2743e-06	9.2743e-06
3.8549e+02	3.8640e+00	9.5740e-06	9.2352e-06	9.2352e-06
3.8604e+02	3.8629e+00	9.5869e-06	9.1962e-06	9.1962e-06
3.8658e+02	3.8618e+00	9.5999e-06	9.1570e-06	9.1570e-06
3.8713e+02	3.8607e+00	9.6129e-06	9.1179e-06	9.1179e-06
3.8768e+02	3.8595e+00	9.6260e-06	9.0786e-06	9.0786e-06
3.8822e+02	3.8584e+00	9.6390e-06	9.0393e-06	9.0393e-06
3.8877e+02	3.8573e+00	9.6521e-06	9.0000e-06	9.0000e-06
3.8931e+02	3.8562e+00	9.6652e-06	8.9606e-06	8.9606e-06
3.8986e+02	3.8551e+00	9.6783e-06	8.9212e-06	8.9212e-06
3.9041e+02	3.8540e+00	9.6915e-06	8.8817e-06	8.8817e-06
3.9095e+02	3.8529e+00	9.7046e-06	8.8422e-06	8.8422e-06
3.9150e+02	3.8518e+00	9.7178e-06	8.8026e-06	8.8026e-06
3.9204e+02	3.8507e+00	9.7310e-06	8.7630e-06	8.7630e-06
3.9259e+02	3.8496e+00	9.7443e-06	8.7234e-06	8.7234e-06
3.9314e+02	3.8485e+00	9.7575e-06	8.6836e-06	8.6836e-06
3.9368e+02	3.8474e+00	9.7708e-06	8.6439e-06	8.6439e-06
3.9423e+02	3.8464e+00	9.7841e-06	8.6041e-06	8.6041e-06
3.9477e+02	3.8453e+00	9.7974e-06	8.5643e-06	8.5643e-06
3.9532e+02	3.8442e+00	9.8107e-06	8.5244e-06	8.5244e-06
3.9587e+02	3.8431e+00	9.8241e-06	8.4845e-06	8.4845e-06
3.9641e+02	3.8420e+00	9.8375e-06	8.4445e-06	8.4445e-06
3.9696e+02	3.8410e+00	9.8509e-06	8.4045e-06	8.4045e-06
3.9751e+02	3.8399e+00	9.8643e-06	8.3645e-06	8.3645e-06
3.9805e+02	3.8388e+00	9.8777e-06	8.3244e-06	8.3244e-06
3.9860e+02	3.8378e+00	9.8912e-06	8.2843e-06	8.2843e-06
3.9914e+02	3.8367e+00	9.9047e-06	8.2441e-06	8.2441e-06
3.9969e+02	3.8356e+00	9.9182e-06	8.2039e-06	8.2039e-06
4.0024e+02	3.8346e+00	9.9317e-06	8.1637e-06	8.1637e-06
4.0078e+02	3.8335e+00	9.9453e-06	8.1234e-06	8.1234e-06
4.0133e+02	3.8324e+00	9.9589e-06	8.0831e-06	8.0831e-06
4.0187e+02	3.8314e+00	9.9725e-06	8.0428e-06	8.0428e-06
4.0242e+02	3.8303e+00	9.9861e-06	8.0024e-06	8.0024e-06
4.0297e+02	3.8293e+00	9.9997e-06	7.9620e-06	7.9620e-06
4.0351e+02	3.8282e+00	1.0013e-05	7.9216e-06	7.9216e-06
4.0406e+02	3.8272e+00	1.0027e-05	7.8812e-06	7.8812e-06
4.0460e+02	3.8262e+00	1.0041e-05	7.8407e-06	7.8407e-06
4.0515e+02	3.8251e+00	1.0054e-05	7.8002e-06	7.8002e-06
4.0570e+02	3.8241e+00	1.0068e-05	7.7596e-06	7.7596e-06
4.0624e+02	3.8230e+00	1.0082e-05	7.7190e-06	7.7190e-06
4.0679e+02	3.8220e+00	1.0096e-05	7.6784e-06	7.6784e-06
4.0733e+02	3.8210e+00	1.0110e-05	7.6378e-06	7.6378e-06
4.0788e+02	3.8199e+00	1.0123e-05	7.5972e-06	7.5972e-06
4.0843e+02	3.8189e+00	1.0137e-05	7.5565e-06	7.5565e-06
4.0897e+02	3.8179e+00	1.0151e-05	7.5158e-06	7.5158e-06
4.0952e+02	3.8169e+00	1.0165e-05	7.4751e-06	7.4751e-06
4.1006e+02	3.8158e+00	1.0179e-05	7.4343e-06	7.4343e-06
4.1061e+02	3.8148e+00	1.0193e-05	7.3936e-06	7.3936e-06
4.1116e+02	3.8138e+00	1.0207e-05	7.3528e-06	7.3528e-06
4.1170e+02	3.8128e+00	1.0221e-05	7.3120e-06	7.3120e-06
4.1225e+02	3.8118e+00	1.0235e-05	7.2712e-06	7.2712e-06
4.1280e+02	3.8108e+00	1.0249e-05	7.2303e-06	7.2303e-06
4.1334e+02	3.8098e+00	1.0263e-05	7.1895e-06	7.1895e-06
4.1389e+02	3.8088e+00	1.0277e-05	7.1486e-06	7.1486e-06
4.1443e+02	3.8077e+00	1.0291e-05	7.1077e-06	7.1077e-06
4.1498e+02	3.8067e+00	1.0305e-05	7.0668e-06	7.0668e-06
4.1553e+02	3.8057e+00	1.0319e-05	7.0259e-06	7.0259e-06
4.1607e+02	3.8047e+00	1.0333e-05	6.9850e-06	6.9850e-06
4.1662e+02	3.8037e+00	1.0348e-05	6.9441e-06	6.9441e-06
4.1716e+02	3.8028e+00	1.0362e-05	6.9031e-06	6.9031e-06
4.1771e+02	3.8018e+00	1.0376e-05	6.8622e-06	6.8622e-06
4.1826e+02	3.8008e+00	1.0390e-05	6.8212e-06	6.8212e-06
4.1880e+02	3.7998e+00	1.0405e-05	6.7802e-06	6.7802e-06
4.1935e+02	3.7988e+00	1.0419e-05	6.7393e-06	6.7393e-06
4.1989e+02	3.7978e+00	1.0433e-05	6.6983e-06	6.6983e-06
4.2044e+02	3.7968e+00	1.0448e-05	6.6573e-06	6.6573e-06
4.2099e+02	3.7958e+00	1.0462e-05	6.6163e-06	6.6163e-06
4.2153e+02	3.7949e+00	1.0476e-05	6.5753e-06	6.5753e-06
4.2208e+02	3.7939e+00	1.0491e-05	6.5343e-06	6.5343e-06
4.2262e+02	3.7929e+00	1.0505e-05	6.4933e-06	6.4933e-06
4.2317e+02	3.7919e+00	1.0519e-05	6.4523e-06	6.4523e-06
4.2372e+02	3.7910e+00	1.0534e-05	6.4113e-06	6.4113e-06
4.2426e+02	3.7900e+00	1.0548e-05	6.3703e-06	6.3703e-06
4.2481e+02	3.7890e+00	1.0563e-05	6.3293e-06	6.3293e-06
4.2535e+02	3.7880e+00	1.0577e-05	6.2884e-06	6.2884e-06
4.2590e+02	3.7871e+00	1.0592e-05	6.2474e-06	6.2474e-06
4.2645e+02	3.7861e+00	1.0607e-05	6.2064e-06	6.2064e-06
4.2699e+02	3.7852e+00	1.0621e-05	6.1654e-06	6.1654e-06
4.2754e+02	3.7842e+00	1.0636e-05	6.1245e-06	6.1245e-06
4.2809e+02	3.7832e+00	1.0650e-05	6.0835e-06	6.0835e-06
4.2863e+02	3.7823e+00	1.0665e-05	6.0426e-06	6.0426e-06
4.2918e+02	3.7813e+00	1.0680e-05	6.0017e-06	6.0017e-06
4.2972e+02	3.7804e+00	1.0694e-05	5.9608e-06	5.9608e-06
4.3027e+02	3.7794e+00	1.0709e-05	5.9199e-06	5.9199e-06
4.3082e+02	3.7785e+00	1.0724e-05	5.8790e-06	5.8790e-06
4.3136e+02	3.7775e+00	1.0739e-05	5.8381e-06	5.8381e-06
4.3191e+02	3.7766e+00	1.0753e-05	5.7973e-06	5.7973e-06
4.3245e+02	3.7756e+00	1.0768e-05	5.7564e-06	5.7564e-06
4.3300e+02	3.7747e+00	1.0783e-05	5.7156e-06	5.7156e-06
4.3355e+02	3.7737e+00	1.0798e-05	5.6748e-06	5.6748e-06
4.3409e+02	3.7728e+00	1.0813e-05	5.6341e-06	5.6341e-06
4.3464e+02	3.7719e+00	1.0828e-05	5.5933e-06	5.5933e-06
4.3518e+02	3.7709e+00	1.0842e-05	5.5526e-06	5.5526e-06
4.3573e+02	3.7700e+00	1.0857e-05	5.5119e-06	5.5119e-06
4.3628e+02	3.7691e+00	1.0872e-05	5.4712e-06	5.4712e-06
4.3682e+02	3.7681e+00	1.0887e-05	5.4306e-06	5.4306e-06
4.3737e+02	3.7672e+00	1.0902e-05	5.3900e-06	5.3900e-06
4.3791e+02	3.7663e+00	1.0917e-05	5.3494e-06	5.3494e-06
4.3846e+02	3.7653e+00	1.0932e-05	5.3088e-06	5.3088e-06
4.3901e+02	3.7644e+00	1.0947e-05	5.2683e-06	5.2683e-06
4.3955e+02	3.7635e+00	1.0963e-05	5.2278e-06	5.2278e-06
4.4010e+02	3.7626e+00	1.0978e-05	5.1874e-06	5.1874e-06
4.4064e+02	3.7616e+00	1.0993e-05	5.1469e-06	5.1469e-06
4.4119e+02	3.7607e+00	1.1008e-05	5.1065e-06	5.1065e-06
4.4174e+02	3.7598e+00	1.1023e-05	5.0662e-06	5.0662e-06
4.4228e+02	3.7589e+00	1.1038e-05	5.0259e-06	5.0259e-06
4.4283e+02	3.7580e+00	1.1053e-05	4.9856e-06	4.9856e-06
4.4338e+02	3.7571e+00	1.1069e-05	4.9454e-06	4.9454e-06
4.4392e+02	3.7562e+00	1.1084e-05	4.9052e-06	4.9052e-06
4.4447e+02	3.7552e+00	1.1099e-05	4.8651e-06	4.8651e-06
4.4501e+02	3.7543e+00	1.1115e-05	4.8250e-06	4.8250e-06
4.4556e+02	3.7534e+00	1.1130e-05	4.7850e-06	4.7850e-06
4.4611e+02	3.7525e+00	1.1145e-05	4.7450e-06	4.7450e-06
4.4665e+02	3.7516e+00	1.1161e-05	4.7050e-06	4.7050e-06
4.4720e+02	3.7507e+00	1.1176e-05	4.6651e-06	4.6651e-06
4.4774e+02	3.7498e+00	1.1191e-05	4.6253e-06	4.6253e-06
4.4829e+02	3.7489e+00	1.1207e-05	4.5855e-06	4.5855e-06
4.4884e+02	3.7480e+00	1.1222e-05	4.5458e-06	4.5458e-06
4.4938e+02	3.7471e+00	1.1238e-05	4.5061e-06	4.5061e-06
4.4993e+02	3.7462e+00	1.1253e-05	4.4665e-06	4.4665e-06
4.5047e+02	3.7453e+00	1.1269e-05	4.4269e-06	4.4269e-06
4.5102e+02	3.7444e+00	1.1284e-05	4.3874e-06	4.3874e-06
4.5157e+02	3.7435e+00	1.1300e-05	4.3480e-06	4.3480e-06
4.5211e+02	3.7427e+00	1.1315e-05	4.3086e-06	4.3086e-06
4.5266e+02	3.7418e+00	1.1331e-05	4.2693e-06	4.2693e-06
4.5320e+02	3.7409e+00	1.1347e-05	4.2300e-06	4.2300e-06
4.5375e+02	3.7400e+00	1.1362e-05	4.1909e-06	4.1909e-06
4.5430e+02	3.7391e+00	1.1378e-05	4.1518e-06	4.1518e-06
4.5484e+02	3.7382e+00	1.1394e-05	4.1127e-06	4.1127e-06
4.5539e+02	3.7373e+00	1.1409e-05	4.0738e-06	4.0738e-06
4.5593e+02	3.7365e+00	1.1425e-05	4.0349e-06	4.0349e-06
4.5648e+02	3.7356e+00	1.1441e-05	3.9960e-06	3.9960e-06
4.5703e+02	3.7347e+00	1.1457e-05	3.9573e-06	3.9573e-06
4.5757e+02	3.7338e+00	1.1472e-05	3.9186e-06	3.9186e-06
4.5812e+02	3.7330e+00	1.1488e-05	3.8800e-06	3.8800e-06
4.5867e+02	3.7321e+00	1.1504e-05	3.8415e-06	3.8415e-06
4.5921e+02	3.7312e+00	1.1520e-05	3.8031e-06	3.8031e-06
4.5976e+02	3.7303e+00	1.1536e-05	3.7648e-06	3.7648e-06
4.6030e+02	3.7295e+00	1.1552e-05	3.7265e-06	3.7265e-06
4.6085e+02	3.7286e+00	1.1568e-05	3.6883e-06	3.6883e-06
4.6140e+02	3.7277e+00	1.1583e-05	3.6503e-06	3.6503e-06
4.6194e+02	3.7269e+00	1.1599e-05	3.6123e-06	3.6123e-06
4.6249e+02	3.7260e+00	1.1615e-05	3.5744e-06	3.5744e-06
4.6303e+02	3.7251e+00	1.1631e-05	3.5366e-06	3.5366e-06
4.6358e+02	3.7243e+00	1.1647e-05	3.4988e-06	3.4988e-06
4.6413e+02	3.7234e+00	1.1664e-05	3.4612e-06	3.4612e-06
4.6467e+02	3.7225e+00	1.1680e-05	3.4237e-06	3.4237e-06
4.6522e+02	3.7217e+00	1.1696e-05	3.3863e-06	3.3863e-06
4.6576e+02	3.7208e+00	1.1712e-05	3.3490e-06	3.3490e-06
4.6631e+02	3.7200e+00	1.1728e-05	3.3117e-06	3.3117e-06
4.6686e+02	3.7191e+00	1.1744e-05	3.2746e-06	3.2746e-06
4.6740e+02	3.7183e+00	1.1760e-05	3.2376e-06	3.2376e-06
4.6795e+02	3.7174e+00	1.1776e-05	3.2007e-06	3.2007e-06
4.6849e+02	3.7165e+00	1.1793e-05	3.1639e-06	3.1639e-06
4.6904e+02	3.7157e+00	1.1809e-05	3.1272e-06	3.1272e-06
4.6959e+02	3.7148e+00	1.1825e-05	3.0906e-06	3.0906e-06
4.7013e+02	3.7140e+00	1.1841e-05	3.0542e-06	3.0542e-06
4.7068e+02	3.7131e+00	1.1858e-05	3.0178e-06	3.0178e-06
4.7122e+02	3.7123e+00	1.1874e-05	2.9816e-06	2.9816e-06
4.7177e+02	3.7114e+00	1.1890e-05	2.9455e-06	2.9455e-06
4.7232e+02	3.7106e+00	1.1907e-05	2.9095e-06	2.9095e-06
4.7286e+02	3.7097e+00	1.1923e-05	2.8736e-06	2.8736e-06
4.7341e+02	3.7089e+00	1.1940e-05	2.8379e-06	2.8379e-06
4.7396e+02	3.7081e+00	1.1956e-05	2.8023e-06	2.8023e-06
4.7450e+02	3.7072e+00	1.1973e-05	2.7668e-06	2.7668e-06
4.7505e+02	3.7064e+00	1.1989e-05	2.7314e-06	2.7314e-06
4.7559e+02	3.7055e+00	1.2006e-05	2.6962e-06	2.6962e-06
4.7614e+02	3.7047e+00	1.2022e-05	2.6611e-06	2.6611e-06
4.7669e+02	3.7039e+00	1.2039e-05	2.6261e-06	2.6261e-06
4.7723e+02	3.7030e+00	1.2055e-05	2.5913e-06	2.5913e-06
4.7778e+02	3.7022e+00	1.2072e-05	2.5566e-06	2.5566e-06
4.7832e+02	3.7013e+00	1.2088e-05	2.5220e-06	2.5220e-06
4.7887e+02	3.7005e+00	1.2105e-05	2.4876e-06	2.4876e-06
4.7942e+02	3.6997e+00	1.2122e-05	2.4533e-06	2.4533e-06
4.7996e+02	3.6988e+00	1.2138e-05	2.4192e-06	2.4192e-06
4.8051e+02	3.6980e+00	1.2155e-05	2.3852e-06	2.3852e-06
4.8105e+02	3.6972e+00	1.2172e-05	2.3514e-06	2.3514e-06
4.8160e+02	3.6963e+00	1.2189e-05	2.3177e-06	2.3177e-06
4.8215e+02	3.6955e+00	1.2205e-05	2.2842e-06	2.2842e-06
4.8269e+02	3.6947e+00	1.2222e-05	2.2508e-06	2.2508e-06
4.8324e+02	3.6938e+00	1.2239e-05	2.2176e-06	2.2176e-06
4.8378e+02	3.6930e+00	1.2256e-05	2.1845e-06	2.1845e-06
4.8433e+02	3.6922e+00	1.2273e-05	2.1516e-06	2.1516e-06
4.8488e+02	3.6913e+00	1.2289e-05	2.1189e-06	2.1189e-06
4.8542e+02	3.6905e+00	1.2306e-05	2.0863e-06	2.0863e-06
4.8597e+02	3.6897e+00	1.2323e-05	2.0539e-06	2.0539e-06
4.8651e+02	3.6889e+00	1.2340e-05	2.0216e-06	2.0216e-06
4.8706e+02	3.6880e+00	1.2357e-05	1.9896e-06	1.9896e-06
4.8761e+02	3.6872e+00	1.2374e-05	1.9577e-06	1.9577e-06
4.8815e+02	3.6864e+00	1.2391e-05	1.9259e-06	1.9259e-06
4.8870e+02	3.6856e+00	1.2408e-05	1.8944e-06	1.8944e-06
4.8925e+02	3.6847e+00	1.2425e-05	1.8630e-06	1.8630e-06
4.8979e+02	3.6839e+00	1.2442e-05	1.8318e-06	1.8318e-06
4.9034e+02	3.6831e+00	1.2459e-05	1.8008e-06	1.8008e-06
4.9088e+02	3.6823e+00	1.2476e-05	1.7699e-06	1.7699e-06
4.9143e+02	3.6814e+00	1.2494e-05	1.7393e-06	1.7393e-06
4.9198e+02	3.6806e+00	1.2511e-05	1.7088e-06	1.7088e-06
4.9252e+02	3.6798e+00	1.2528e-05	1.6785e-06	1.6785e-06
4.9307e+02	3.6790e+00	1.2545e-05	1.6485e-06	1.6485e-06
4.9361e+02	3.6782e+00	1.2562e-05	1.6186e-06	1.6186e-06
4.9416e+02	3.6773e+00	1.2580e-05	1.5889e-06	1.5889e-06
4.9471e+02	3.6765e+00	1.2597e-05	1.5594e-06	1.5594e-06
4.9525e+02	3.6757e+00	1.2614e-05	1.5301e-06	1.5301e-06
4.9580e+02	3.6749e+00	1.2631e-05	1.5010e-06	1.5010e-06
4.9634e+02	3.6741e+00	1.2649e-05	1.4721e-06	1.4721e-06
4.9689e+02	3.6732e+00	1.2666e-05	1.4434e-06	1.4434e-06
4.9744e+02	3.6724e+00	1.2683e-05	1.4149e-06	1.4149e-06
4.9798e+02	3.6716e+00	1.2701e-05	1.3867e-06	1.3867e-06
4.9853e+02	3.6708e+00	1.2718e-05	1.3586e-06	1.3586e-06
4.9907e+02	3.6700e+00	1.2736e-05	1.3308e-06	1.3308e-06
4.9962e+02	3.6691e+00	1.2753e-05	1.3031e-06	1.3031e-06
5.0017e+02	3.6683e+00	1.2771e-05	1.2757e-06	1.2757e-06
5.0071e+02	3.6675e+00	1.2788e-05	1.2486e-06	1.2486e-06
5.0126e+02	3.6667e+00	1.2806e-05	1.2216e-06	1.2216e-06
5.0180e+02	3.6658e+00	1.2823e-05	1.1949e-06	1.1949e-06
5.0235e+02	3.6650e+00	1.2841e-05	1.1683e-06	1.1683e-06
5.0290e+02	3.6642e+00	1.2858e-05	1.1421e-06	1.1421e-06
5.0344e+02	3.6634e+00	1.2876e-05	1.1160e-06	1.1160e-06
5.0399e+02	3.6626e+00	1.2894e-05	1.0902e-06	1.0902e-06
5.0454e+02	3.6617e+00	1.2911e-05	1.0646e-06	1.0646e-06
5.0508e+02	3.6609e+00	1.2929e-05	1.0393e-06	1.0393e-06
5.0563e+02	3.6601e+00	1.2947e-05	1.0142e-06	1.0142e-06
5.0617e+02	3.6593e+00	1.2964e-05	9.8934e-07	9.8934e-07
5.0672e+02	3.6584e+00	1.2982e-05	9.6474e-07	9.6474e-07
5.0727e+02	3.6576e+00	1.3000e-05	9.4038e-07	9.4038e-07
5.0781e+02	3.6568e+00	1.3017e-05	9.1627e-07	9.1627e-07
5.0836e+02	3.6560e+00	1.3035e-05	8.9241e-07	8.9241e-07
5.0890e+02	3.6551e+00	1.3053e-05	8.6881e-07	8.6881e-07
5.0945e+02	3.6543e+00	1.3071e-05	8.4546e-07	8.4546e-07
5.1000e+02	3.6535e+00	1.3089e-05	8.2238e-07	8.2238e-07
5.1054e+02	3.6527e+00	1.3107e-05	7.9956e-07	7.9956e-07
5.1109e+02	3.6518e+00	1.3125e-05	7.7700e-07	7.7700e-07
5.1163e+02	3.6510e+00	1.3143e-05	7.5471e-07	7.5471e-07
5.1218e+02	3.6502e+00	1.3160e-05	7.3269e-07	7.3269e-07
5.1273e+02	3.6493e+00	1.3178e-05	7.1093e-07	7.1093e-07
5.1327e+02	3.6485e+00	1.3196e-05	6.8946e-07	6.8946e-07
5.1382e+02	3.6476e+00	1.3214e-05	6.6826e-07	6.6826e-07
5.1436e+02	3.6468e+00	1.3232e-05	6.4734e-07	6.4734e-07
5.1491e+02	3.6460e+00	1.3251e-05	6.2670e-07	6.2670e-07
5.1546e+02	3.6451e+00	1.3269e-05	6.0634e-07	6.0634e-07
5.1600e+02	3.6443e+00	1.3287e-05	5.8627e-07	5.8627e-07
5.1655e+02	3.6434e+00	1.3305e-05	5.6649e-07	5.6649e-07
5.1709e+02	3.6426e+00	1.3323e-05	5.4700e-07	5.4700e-07
5.1764e+02	3.6417e+00	1.3341e-05	5.2780e-07	5.2780e-07
5.1819e+02	3.6409e+00	1.3359e-05	5.0890e-07	5.0890e-07
5.1873e+02	3.6400e+00	1.3378e-05	4.9030e-07	4.9030e-07
5.1928e+02	3.6392e+00	1.3396e-05	4.7200e-07	4.7200e-07
5.1983e+02	3.6383e+00	1.3414e-05	4.5400e-07	4.5400e-07
5.2037e+02	3.6374e+00	1.3432e-05	4.3631e-07	4.3631e-07
5.2092e+02	3.6366e+00	1.3451e-05	4.1893e-07	4.1893e-07
5.2146e+02	3.6357e+00	1.3469e-05	4.0186e-07	4.0186e-07
5.2201e+02	3.6348e+00	1.3487e-05	3.8511e-07	3.8511e-07
5.2256e+02	3.6339e+00	1.3506e-05	3.6867e-07	3.6867e-07
5.2310e+02	3.6331e+00	1.3524e-05	3.5255e-07	3.5255e-07
5.2365e+02	3.6322e+00	1.3542e-05	3.3675e-07	3.3675e-07
5.2419e+02	3.6313e+00	1.3561e-05	3.2128e-07	3.2128e-07
5.2474e+02	3.6304e+00	1.3579e-05	3.0614e-07	3.0614e-07
5.2529e+02	3.6295e+00	1.3598e-05	2.9132e-07	2.9132e-07
5.2583e+02	3.6286e+00	1.3616e-05	2.7684e-07	2.7684e-07
5.2638e+02	3.6277e+00	1.3635e-05	2.6269e-07	2.6269e-07
5.2692e+02	3.6267e+00	1.3653e-05	2.4888e-07	2.4888e-07
5.2747e+02	3.6258e+00	1.3672e-05	2.3541e-07	2.3541e-07
5.2802e+02	3.6249e+00	1.3690e-05	2.2229e-07	2.2229e-07
5.2856e+02	3.6239e+00	1.3709e-05	2.0951e-07	2.0951e-07
5.2911e+02	3.6230e+00	1.3728e-05	1.9708e-07	1.9708e-07
5.2965e+02	3.6220e+00	1.3746e-05	1.8500e-07	1.8500e-07
5.3020e+02	3.6211e+00	1.3765e-05	1.7327e-07	1.7327e-07
5.3075e+02	3.6201e+00	1.3784e-05	1.6191e-07	1.6191e-07
5.3129e+02	3.6191e+00	1.3802e-05	1.5090e-07	1.5090e-07
5.3184e+02	3.6181e+00	1.3821e-05	1.4025e-07	1.4025e-07
5.3238e+02	3.6171e+00	1.3840e-05	1.2997e-07	1.2997e-07
5.3293e+02	3.6160e+00	1.3859e-05	1.2006e-07	1.2006e-07
5.3348e+02	3.6150e+00	1.3877e-05	1.1052e-07	1.1052e-07
5.3402e+02	3.6139e+00	1.3896e-05	1.0135e-07	1.0135e-07
5.3457e+02	3.6129e+00	1.3915e-05	9.2559e-08	9.2559e-08
5.3512e+02	3.6118e+00	1.3934e-05	8.4147e-08	8.4147e-08
5.3566e+02	3.6106e+00	1.3953e-05	7.6117e-08	7.6117e-08
5.3621e+02	3.6095e+00	1.3972e-05	6.8473e-08	6.8473e-08
5.3675e+02	3.6083e+00	1.3991e-05	6.1217e-08	6.1217e-08
5.3730e+02	3.6071e+00	1.4009e-05	5.4351e-08	5.4351e-08
5.3785e+02	3.6059e+00	1.4028e-05	4.7879e-08	4.7879e-08
5.3839e+02	3.6046e+00	1.4047e-05	4.1803e-08	4.1803e-08
5.3894e+02	3.6032e+00	1.4066e-05	3.6127e-08	3.6127e-08
5.3948e+02	3.6019e+00	1.4085e-05	3.0853e-08	3.0853e-08
5.4003e+02	3.6004e+00	1.4105e-05	2.5985e-08	2.5985e-08
5.4058e+02	3.5989e+00	1.4124e-05	2.1525e-08	2.1525e-08
5.4112e+02	3.5973e+00	1.4143e-05	1.7475e-08	1.7475e-08
5.4167e+02	3.5955e+00	1.4162e-05	1.3840e-08	1.3840e-08
5.4221e+02	3.5936e+00	1.4181e-05	1.0621e-08	1.0621e-08
5.4276e+02	3.5916e+00	1.4200e-05	7.8220e-09	7.8220e-09
5.4331e+02	3.5892e+00	1.4219e-05	5.4456e-09	5.4456e-09
5.4385e+02	3.5865e+00	1.4238e-05	3.4947e-09	3.4947e-09
5.4440e+02	3.5832e+00	1.4258e-05	1.9720e-09	1.9720e-09
5.4494e+02	3.5788e+00	1.4277e-05	8.8033e-10	8.8033e-10
5.4549e+02	3.5717e+00	1.4296e-05	2.2226e-10	2.2226e-10
5.4604e+02	3.5272e+00	1.4316e-05	1.8913e-14	1.8913e-14
