Energy		corrections		shape factor		beta		neutrino
5.1100e-01	8.5681e+01	1.0704e-04	8.1402e-03	8.1402e-03
2.7883e+00	3.4710e+01	1.0687e-04	7.7181e-03	7.7181e-03
5.0656e+00	2.5182e+01	1.0670e-04	7.5617e-03	7.5617e-03
7.3429e+00	2.0668e+01	1.0652e-04	7.4862e-03	7.4862e-03
9.6203e+00	1.7926e+01	1.0635e-04	7.4460e-03	7.4460e-03
1.1898e+01	1.6044e+01	1.0618e-04	7.4248e-03	7.4248e-03
1.4175e+01	1.4653e+01	1.0601e-04	7.4153e-03	7.4153e-03
1.6452e+01	1.3574e+01	1.0584e-04	7.4138e-03	7.4138e-03
1.8730e+01	1.2707e+01	1.0567e-04	7.4181e-03	7.4181e-03
2.1007e+01	1.1991e+01	1.0550e-04	7.4269e-03	7.4269e-03
2.3284e+01	1.1389e+01	1.0533e-04	7.4393e-03	7.4393e-03
2.5561e+01	1.0873e+01	1.0517e-04	7.4546e-03	7.4546e-03
2.7839e+01	1.0426e+01	1.0500e-04	7.4725e-03	7.4725e-03
3.0116e+01	1.0034e+01	1.0483e-04	7.4924e-03	7.4924e-03
3.2393e+01	9.6873e+00	1.0466e-04	7.5142e-03	7.5142e-03
3.4671e+01	9.3774e+00	1.0450e-04	7.5375e-03	7.5375e-03
3.6948e+01	9.0988e+00	1.0433e-04	7.5622e-03	7.5622e-03
3.9225e+01	8.8468e+00	1.0417e-04	7.5880e-03	7.5880e-03
4.1503e+01	8.6176e+00	1.0400e-04	7.6149e-03	7.6149e-03
4.3780e+01	8.4080e+00	1.0384e-04	7.6428e-03	7.6428e-03
4.6057e+01	8.2156e+00	1.0367e-04	7.6714e-03	7.6714e-03
4.8335e+01	8.0382e+00	1.0351e-04	7.7007e-03	7.7007e-03
5.0612e+01	7.8740e+00	1.0334e-04	7.7307e-03	7.7307e-03
5.2889e+01	7.7217e+00	1.0318e-04	7.7613e-03	7.7613e-03
5.5167e+01	7.5798e+00	1.0302e-04	7.7923e-03	7.7923e-03
5.7444e+01	7.4473e+00	1.0285e-04	7.8238e-03	7.8238e-03
5.9721e+01	7.3233e+00	1.0269e-04	7.8557e-03	7.8557e-03
6.1999e+01	7.2069e+00	1.0253e-04	7.8879e-03	7.8879e-03
6.4276e+01	7.0974e+00	1.0237e-04	7.9204e-03	7.9204e-03
6.6553e+01	6.9943e+00	1.0221e-04	7.9532e-03	7.9532e-03
6.8830e+01	6.8968e+00	1.0205e-04	7.9863e-03	7.9863e-03
7.1108e+01	6.8047e+00	1.0189e-04	8.0195e-03	8.0195e-03
7.3385e+01	6.7174e+00	1.0173e-04	8.0530e-03	8.0530e-03
7.5662e+01	6.6345e+00	1.0157e-04	8.0866e-03	8.0866e-03
7.7940e+01	6.5558e+00	1.0141e-04	8.1203e-03	8.1203e-03
8.0217e+01	6.4808e+00	1.0125e-04	8.1541e-03	8.1541e-03
8.2494e+01	6.4094e+00	1.0110e-04	8.1880e-03	8.1880e-03
8.4772e+01	6.3412e+00	1.0094e-04	8.2220e-03	8.2220e-03
8.7049e+01	6.2760e+00	1.0078e-04	8.2561e-03	8.2561e-03
8.9326e+01	6.2137e+00	1.0062e-04	8.2902e-03	8.2902e-03
9.1604e+01	6.1541e+00	1.0047e-04	8.3243e-03	8.3243e-03
9.3881e+01	6.0969e+00	1.0031e-04	8.3585e-03	8.3585e-03
9.6158e+01	6.0420e+00	1.0016e-04	8.3927e-03	8.3927e-03
9.8436e+01	5.9893e+00	1.0000e-04	8.4268e-03	8.4268e-03
1.0071e+02	5.9386e+00	9.9848e-05	8.4610e-03	8.4610e-03
1.0299e+02	5.8898e+00	9.9694e-05	8.4951e-03	8.4951e-03
1.0527e+02	5.8429e+00	9.9540e-05	8.5292e-03	8.5292e-03
1.0754e+02	5.7977e+00	9.9387e-05	8.5633e-03	8.5633e-03
1.0982e+02	5.7540e+00	9.9234e-05	8.5973e-03	8.5973e-03
1.1210e+02	5.7119e+00	9.9082e-05	8.6313e-03	8.6313e-03
1.1438e+02	5.6713e+00	9.8930e-05	8.6652e-03	8.6652e-03
1.1665e+02	5.6320e+00	9.8778e-05	8.6991e-03	8.6991e-03
1.1893e+02	5.5940e+00	9.8627e-05	8.7329e-03	8.7329e-03
1.2121e+02	5.5573e+00	9.8476e-05	8.7666e-03	8.7666e-03
1.2349e+02	5.5217e+00	9.8326e-05	8.8002e-03	8.8002e-03
1.2576e+02	5.4872e+00	9.8176e-05	8.8338e-03	8.8338e-03
1.2804e+02	5.4538e+00	9.8026e-05	8.8673e-03	8.8673e-03
1.3032e+02	5.4214e+00	9.7877e-05	8.9006e-03	8.9006e-03
1.3260e+02	5.3899e+00	9.7728e-05	8.9339e-03	8.9339e-03
1.3487e+02	5.3594e+00	9.7580e-05	8.9671e-03	8.9671e-03
1.3715e+02	5.3297e+00	9.7432e-05	9.0002e-03	9.0002e-03
1.3943e+02	5.3009e+00	9.7285e-05	9.0331e-03	9.0331e-03
1.4170e+02	5.2729e+00	9.7137e-05	9.0660e-03	9.0660e-03
1.4398e+02	5.2457e+00	9.6991e-05	9.0987e-03	9.0987e-03
1.4626e+02	5.2192e+00	9.6844e-05	9.1314e-03	9.1314e-03
1.4854e+02	5.1934e+00	9.6699e-05	9.1639e-03	9.1639e-03
1.5081e+02	5.1683e+00	9.6553e-05	9.1963e-03	9.1963e-03
1.5309e+02	5.1438e+00	9.6408e-05	9.2286e-03	9.2286e-03
1.5537e+02	5.1200e+00	9.6264e-05	9.2608e-03	9.2608e-03
1.5765e+02	5.0967e+00	9.6119e-05	9.2928e-03	9.2928e-03
1.5992e+02	5.0740e+00	9.5976e-05	9.3247e-03	9.3247e-03
1.6220e+02	5.0519e+00	9.5832e-05	9.3565e-03	9.3565e-03
1.6448e+02	5.0303e+00	9.5689e-05	9.3882e-03	9.3882e-03
1.6676e+02	5.0092e+00	9.5547e-05	9.4197e-03	9.4197e-03
1.6903e+02	4.9887e+00	9.5404e-05	9.4511e-03	9.4511e-03
1.7131e+02	4.9686e+00	9.5263e-05	9.4823e-03	9.4823e-03
1.7359e+02	4.9489e+00	9.5121e-05	9.5134e-03	9.5134e-03
1.7586e+02	4.9297e+00	9.4981e-05	9.5444e-03	9.5444e-03
1.7814e+02	4.9110e+00	9.4840e-05	9.5753e-03	9.5753e-03
1.8042e+02	4.8926e+00	9.4700e-05	9.6060e-03	9.6060e-03
1.8270e+02	4.8746e+00	9.4560e-05	9.6366e-03	9.6366e-03
1.8497e+02	4.8571e+00	9.4421e-05	9.6670e-03	9.6670e-03
1.8725e+02	4.8399e+00	9.4282e-05	9.6973e-03	9.6973e-03
1.8953e+02	4.8230e+00	9.4144e-05	9.7274e-03	9.7274e-03
1.9181e+02	4.8065e+00	9.4006e-05	9.7574e-03	9.7574e-03
1.9408e+02	4.7904e+00	9.3868e-05	9.7873e-03	9.7873e-03
1.9636e+02	4.7745e+00	9.3731e-05	9.8170e-03	9.8170e-03
1.9864e+02	4.7590e+00	9.3594e-05	9.8466e-03	9.8466e-03
2.0091e+02	4.7438e+00	9.3458e-05	9.8760e-03	9.8760e-03
2.0319e+02	4.7289e+00	9.3322e-05	9.9053e-03	9.9053e-03
2.0547e+02	4.7143e+00	9.3186e-05	9.9344e-03	9.9344e-03
2.0775e+02	4.7000e+00	9.3051e-05	9.9634e-03	9.9634e-03
2.1002e+02	4.6859e+00	9.2916e-05	9.9922e-03	9.9922e-03
2.1230e+02	4.6721e+00	9.2782e-05	1.0021e-02	1.0021e-02
2.1458e+02	4.6586e+00	9.2648e-05	1.0049e-02	1.0049e-02
2.1686e+02	4.6453e+00	9.2515e-05	1.0078e-02	1.0078e-02
2.1913e+02	4.6322e+00	9.2382e-05	1.0106e-02	1.0106e-02
2.2141e+02	4.6194e+00	9.2249e-05	1.0134e-02	1.0134e-02
2.2369e+02	4.6068e+00	9.2117e-05	1.0162e-02	1.0162e-02
2.2597e+02	4.5944e+00	9.1985e-05	1.0190e-02	1.0190e-02
2.2824e+02	4.5823e+00	9.1854e-05	1.0218e-02	1.0218e-02
2.3052e+02	4.5703e+00	9.1723e-05	1.0245e-02	1.0245e-02
2.3280e+02	4.5586e+00	9.1592e-05	1.0272e-02	1.0272e-02
2.3507e+02	4.5470e+00	9.1462e-05	1.0300e-02	1.0300e-02
2.3735e+02	4.5357e+00	9.1332e-05	1.0327e-02	1.0327e-02
2.3963e+02	4.5245e+00	9.1203e-05	1.0353e-02	1.0353e-02
2.4191e+02	4.5136e+00	9.1074e-05	1.0380e-02	1.0380e-02
2.4418e+02	4.5028e+00	9.0945e-05	1.0407e-02	1.0407e-02
2.4646e+02	4.4921e+00	9.0817e-05	1.0433e-02	1.0433e-02
2.4874e+02	4.4817e+00	9.0689e-05	1.0459e-02	1.0459e-02
2.5102e+02	4.4714e+00	9.0562e-05	1.0486e-02	1.0486e-02
2.5329e+02	4.4613e+00	9.0435e-05	1.0512e-02	1.0512e-02
2.5557e+02	4.4513e+00	9.0309e-05	1.0537e-02	1.0537e-02
2.5785e+02	4.4415e+00	9.0183e-05	1.0563e-02	1.0563e-02
2.6013e+02	4.4318e+00	9.0057e-05	1.0589e-02	1.0589e-02
2.6240e+02	4.4223e+00	8.9932e-05	1.0614e-02	1.0614e-02
2.6468e+02	4.4129e+00	8.9807e-05	1.0639e-02	1.0639e-02
2.6696e+02	4.4037e+00	8.9683e-05	1.0664e-02	1.0664e-02
2.6923e+02	4.3946e+00	8.9559e-05	1.0689e-02	1.0689e-02
2.7151e+02	4.3857e+00	8.9435e-05	1.0714e-02	1.0714e-02
2.7379e+02	4.3768e+00	8.9312e-05	1.0738e-02	1.0738e-02
2.7607e+02	4.3681e+00	8.9189e-05	1.0763e-02	1.0763e-02
2.7834e+02	4.3595e+00	8.9067e-05	1.0787e-02	1.0787e-02
2.8062e+02	4.3511e+00	8.8945e-05	1.0811e-02	1.0811e-02
2.8290e+02	4.3427e+00	8.8824e-05	1.0835e-02	1.0835e-02
2.8518e+02	4.3345e+00	8.8702e-05	1.0859e-02	1.0859e-02
2.8745e+02	4.3264e+00	8.8582e-05	1.0883e-02	1.0883e-02
2.8973e+02	4.3184e+00	8.8462e-05	1.0906e-02	1.0906e-02
2.9201e+02	4.3105e+00	8.8342e-05	1.0930e-02	1.0930e-02
2.9428e+02	4.3027e+00	8.8222e-05	1.0953e-02	1.0953e-02
2.9656e+02	4.2950e+00	8.8103e-05	1.0976e-02	1.0976e-02
2.9884e+02	4.2874e+00	8.7985e-05	1.0999e-02	1.0999e-02
3.0112e+02	4.2800e+00	8.7867e-05	1.1022e-02	1.1022e-02
3.0339e+02	4.2726e+00	8.7749e-05	1.1045e-02	1.1045e-02
3.0567e+02	4.2653e+00	8.7631e-05	1.1067e-02	1.1067e-02
3.0795e+02	4.2581e+00	8.7514e-05	1.1089e-02	1.1089e-02
3.1023e+02	4.2510e+00	8.7398e-05	1.1112e-02	1.1112e-02
3.1250e+02	4.2440e+00	8.7282e-05	1.1134e-02	1.1134e-02
3.1478e+02	4.2371e+00	8.7166e-05	1.1155e-02	1.1155e-02
3.1706e+02	4.2302e+00	8.7051e-05	1.1177e-02	1.1177e-02
3.1934e+02	4.2235e+00	8.6936e-05	1.1199e-02	1.1199e-02
3.2161e+02	4.2168e+00	8.6822e-05	1.1220e-02	1.1220e-02
3.2389e+02	4.2102e+00	8.6708e-05	1.1242e-02	1.1242e-02
3.2617e+02	4.2037e+00	8.6594e-05	1.1263e-02	1.1263e-02
3.2844e+02	4.1973e+00	8.6481e-05	1.1284e-02	1.1284e-02
3.3072e+02	4.1910e+00	8.6368e-05	1.1305e-02	1.1305e-02
3.3300e+02	4.1847e+00	8.6256e-05	1.1325e-02	1.1325e-02
3.3528e+02	4.1785e+00	8.6144e-05	1.1346e-02	1.1346e-02
3.3755e+02	4.1723e+00	8.6032e-05	1.1366e-02	1.1366e-02
3.3983e+02	4.1663e+00	8.5921e-05	1.1387e-02	1.1387e-02
3.4211e+02	4.1603e+00	8.5810e-05	1.1407e-02	1.1407e-02
3.4439e+02	4.1544e+00	8.5700e-05	1.1427e-02	1.1427e-02
3.4666e+02	4.1485e+00	8.5590e-05	1.1446e-02	1.1446e-02
3.4894e+02	4.1427e+00	8.5481e-05	1.1466e-02	1.1466e-02
3.5122e+02	4.1370e+00	8.5372e-05	1.1486e-02	1.1486e-02
3.5349e+02	4.1314e+00	8.5263e-05	1.1505e-02	1.1505e-02
3.5577e+02	4.1258e+00	8.5155e-05	1.1524e-02	1.1524e-02
3.5805e+02	4.1202e+00	8.5047e-05	1.1543e-02	1.1543e-02
3.6033e+02	4.1148e+00	8.4939e-05	1.1562e-02	1.1562e-02
3.6260e+02	4.1094e+00	8.4832e-05	1.1581e-02	1.1581e-02
3.6488e+02	4.1040e+00	8.4726e-05	1.1600e-02	1.1600e-02
3.6716e+02	4.0987e+00	8.4620e-05	1.1619e-02	1.1619e-02
3.6944e+02	4.0935e+00	8.4514e-05	1.1637e-02	1.1637e-02
3.7171e+02	4.0883e+00	8.4409e-05	1.1655e-02	1.1655e-02
3.7399e+02	4.0831e+00	8.4304e-05	1.1673e-02	1.1673e-02
3.7627e+02	4.0781e+00	8.4199e-05	1.1691e-02	1.1691e-02
3.7855e+02	4.0730e+00	8.4095e-05	1.1709e-02	1.1709e-02
3.8082e+02	4.0681e+00	8.3992e-05	1.1727e-02	1.1727e-02
3.8310e+02	4.0632e+00	8.3888e-05	1.1744e-02	1.1744e-02
3.8538e+02	4.0583e+00	8.3786e-05	1.1762e-02	1.1762e-02
3.8765e+02	4.0535e+00	8.3683e-05	1.1779e-02	1.1779e-02
3.8993e+02	4.0487e+00	8.3581e-05	1.1796e-02	1.1796e-02
3.9221e+02	4.0440e+00	8.3480e-05	1.1813e-02	1.1813e-02
3.9449e+02	4.0393e+00	8.3378e-05	1.1830e-02	1.1830e-02
3.9676e+02	4.0346e+00	8.3278e-05	1.1847e-02	1.1847e-02
3.9904e+02	4.0301e+00	8.3177e-05	1.1863e-02	1.1863e-02
4.0132e+02	4.0255e+00	8.3077e-05	1.1880e-02	1.1880e-02
4.0360e+02	4.0210e+00	8.2978e-05	1.1896e-02	1.1896e-02
4.0587e+02	4.0166e+00	8.2879e-05	1.1912e-02	1.1912e-02
4.0815e+02	4.0121e+00	8.2780e-05	1.1929e-02	1.1929e-02
4.1043e+02	4.0078e+00	8.2682e-05	1.1944e-02	1.1944e-02
4.1271e+02	4.0034e+00	8.2584e-05	1.1960e-02	1.1960e-02
4.1498e+02	3.9991e+00	8.2487e-05	1.1976e-02	1.1976e-02
4.1726e+02	3.9949e+00	8.2390e-05	1.1991e-02	1.1991e-02
4.1954e+02	3.9907e+00	8.2293e-05	1.2007e-02	1.2007e-02
4.2181e+02	3.9865e+00	8.2197e-05	1.2022e-02	1.2022e-02
4.2409e+02	3.9824e+00	8.2101e-05	1.2037e-02	1.2037e-02
4.2637e+02	3.9783e+00	8.2006e-05	1.2052e-02	1.2052e-02
4.2865e+02	3.9742e+00	8.1911e-05	1.2067e-02	1.2067e-02
4.3092e+02	3.9702e+00	8.1817e-05	1.2082e-02	1.2082e-02
4.3320e+02	3.9662e+00	8.1722e-05	1.2096e-02	1.2096e-02
4.3548e+02	3.9623e+00	8.1629e-05	1.2111e-02	1.2111e-02
4.3776e+02	3.9583e+00	8.1536e-05	1.2125e-02	1.2125e-02
4.4003e+02	3.9545e+00	8.1443e-05	1.2139e-02	1.2139e-02
4.4231e+02	3.9506e+00	8.1350e-05	1.2153e-02	1.2153e-02
4.4459e+02	3.9468e+00	8.1258e-05	1.2167e-02	1.2167e-02
4.4686e+02	3.9430e+00	8.1167e-05	1.2181e-02	1.2181e-02
4.4914e+02	3.9393e+00	8.1076e-05	1.2195e-02	1.2195e-02
4.5142e+02	3.9356e+00	8.0985e-05	1.2208e-02	1.2208e-02
4.5370e+02	3.9319e+00	8.0895e-05	1.2222e-02	1.2222e-02
4.5597e+02	3.9282e+00	8.0805e-05	1.2235e-02	1.2235e-02
4.5825e+02	3.9246e+00	8.0715e-05	1.2248e-02	1.2248e-02
4.6053e+02	3.9210e+00	8.0626e-05	1.2261e-02	1.2261e-02
4.6281e+02	3.9174e+00	8.0537e-05	1.2274e-02	1.2274e-02
4.6508e+02	3.9139e+00	8.0449e-05	1.2287e-02	1.2287e-02
4.6736e+02	3.9104e+00	8.0361e-05	1.2300e-02	1.2300e-02
4.6964e+02	3.9069e+00	8.0274e-05	1.2313e-02	1.2313e-02
4.7192e+02	3.9035e+00	8.0187e-05	1.2325e-02	1.2325e-02
4.7419e+02	3.9001e+00	8.0100e-05	1.2337e-02	1.2337e-02
4.7647e+02	3.8967e+00	8.0014e-05	1.2349e-02	1.2349e-02
4.7875e+02	3.8933e+00	7.9928e-05	1.2362e-02	1.2362e-02
4.8102e+02	3.8900e+00	7.9843e-05	1.2374e-02	1.2374e-02
4.8330e+02	3.8867e+00	7.9758e-05	1.2385e-02	1.2385e-02
4.8558e+02	3.8834e+00	7.9674e-05	1.2397e-02	1.2397e-02
4.8786e+02	3.8801e+00	7.9590e-05	1.2409e-02	1.2409e-02
4.9013e+02	3.8769e+00	7.9506e-05	1.2420e-02	1.2420e-02
4.9241e+02	3.8737e+00	7.9423e-05	1.2432e-02	1.2432e-02
4.9469e+02	3.8705e+00	7.9340e-05	1.2443e-02	1.2443e-02
4.9697e+02	3.8673e+00	7.9258e-05	1.2454e-02	1.2454e-02
4.9924e+02	3.8642e+00	7.9176e-05	1.2465e-02	1.2465e-02
5.0152e+02	3.8611e+00	7.9094e-05	1.2476e-02	1.2476e-02
5.0380e+02	3.8580e+00	7.9013e-05	1.2487e-02	1.2487e-02
5.0608e+02	3.8549e+00	7.8932e-05	1.2497e-02	1.2497e-02
5.0835e+02	3.8519e+00	7.8852e-05	1.2508e-02	1.2508e-02
5.1063e+02	3.8489e+00	7.8772e-05	1.2518e-02	1.2518e-02
5.1291e+02	3.8459e+00	7.8693e-05	1.2528e-02	1.2528e-02
5.1518e+02	3.8429e+00	7.8613e-05	1.2539e-02	1.2539e-02
5.1746e+02	3.8399e+00	7.8535e-05	1.2549e-02	1.2549e-02
5.1974e+02	3.8370e+00	7.8457e-05	1.2559e-02	1.2559e-02
5.2202e+02	3.8341e+00	7.8379e-05	1.2569e-02	1.2569e-02
5.2429e+02	3.8312e+00	7.8301e-05	1.2578e-02	1.2578e-02
5.2657e+02	3.8283e+00	7.8224e-05	1.2588e-02	1.2588e-02
5.2885e+02	3.8255e+00	7.8148e-05	1.2597e-02	1.2597e-02
5.3113e+02	3.8226e+00	7.8072e-05	1.2607e-02	1.2607e-02
5.3340e+02	3.8198e+00	7.7996e-05	1.2616e-02	1.2616e-02
5.3568e+02	3.8170e+00	7.7921e-05	1.2625e-02	1.2625e-02
5.3796e+02	3.8143e+00	7.7846e-05	1.2634e-02	1.2634e-02
5.4023e+02	3.8115e+00	7.7771e-05	1.2643e-02	1.2643e-02
5.4251e+02	3.8088e+00	7.7697e-05	1.2652e-02	1.2652e-02
5.4479e+02	3.8061e+00	7.7624e-05	1.2661e-02	1.2661e-02
5.4707e+02	3.8034e+00	7.7551e-05	1.2670e-02	1.2670e-02
5.4934e+02	3.8007e+00	7.7478e-05	1.2678e-02	1.2678e-02
5.5162e+02	3.7981e+00	7.7406e-05	1.2687e-02	1.2687e-02
5.5390e+02	3.7954e+00	7.7334e-05	1.2695e-02	1.2695e-02
5.5618e+02	3.7928e+00	7.7262e-05	1.2703e-02	1.2703e-02
5.5845e+02	3.7902e+00	7.7191e-05	1.2711e-02	1.2711e-02
5.6073e+02	3.7876e+00	7.7120e-05	1.2719e-02	1.2719e-02
5.6301e+02	3.7850e+00	7.7050e-05	1.2727e-02	1.2727e-02
5.6529e+02	3.7825e+00	7.6980e-05	1.2735e-02	1.2735e-02
5.6756e+02	3.7799e+00	7.6911e-05	1.2743e-02	1.2743e-02
5.6984e+02	3.7774e+00	7.6842e-05	1.2750e-02	1.2750e-02
5.7212e+02	3.7749e+00	7.6773e-05	1.2758e-02	1.2758e-02
5.7439e+02	3.7724e+00	7.6705e-05	1.2765e-02	1.2765e-02
5.7667e+02	3.7700e+00	7.6637e-05	1.2772e-02	1.2772e-02
5.7895e+02	3.7675e+00	7.6570e-05	1.2779e-02	1.2779e-02
5.8123e+02	3.7651e+00	7.6503e-05	1.2786e-02	1.2786e-02
5.8350e+02	3.7627e+00	7.6436e-05	1.2793e-02	1.2793e-02
5.8578e+02	3.7602e+00	7.6370e-05	1.2800e-02	1.2800e-02
5.8806e+02	3.7579e+00	7.6305e-05	1.2807e-02	1.2807e-02
5.9034e+02	3.7555e+00	7.6239e-05	1.2814e-02	1.2814e-02
5.9261e+02	3.7531e+00	7.6175e-05	1.2820e-02	1.2820e-02
5.9489e+02	3.7508e+00	7.6110e-05	1.2827e-02	1.2827e-02
5.9717e+02	3.7484e+00	7.6046e-05	1.2833e-02	1.2833e-02
5.9945e+02	3.7461e+00	7.5983e-05	1.2839e-02	1.2839e-02
6.0172e+02	3.7438e+00	7.5920e-05	1.2845e-02	1.2845e-02
6.0400e+02	3.7415e+00	7.5857e-05	1.2852e-02	1.2852e-02
6.0628e+02	3.7392e+00	7.5795e-05	1.2858e-02	1.2858e-02
6.0855e+02	3.7370e+00	7.5733e-05	1.2863e-02	1.2863e-02
6.1083e+02	3.7347e+00	7.5671e-05	1.2869e-02	1.2869e-02
6.1311e+02	3.7325e+00	7.5610e-05	1.2875e-02	1.2875e-02
6.1539e+02	3.7303e+00	7.5550e-05	1.2880e-02	1.2880e-02
6.1766e+02	3.7280e+00	7.5489e-05	1.2886e-02	1.2886e-02
6.1994e+02	3.7259e+00	7.5430e-05	1.2891e-02	1.2891e-02
6.2222e+02	3.7237e+00	7.5370e-05	1.2897e-02	1.2897e-02
6.2450e+02	3.7215e+00	7.5311e-05	1.2902e-02	1.2902e-02
6.2677e+02	3.7193e+00	7.5253e-05	1.2907e-02	1.2907e-02
6.2905e+02	3.7172e+00	7.5195e-05	1.2912e-02	1.2912e-02
6.3133e+02	3.7151e+00	7.5137e-05	1.2917e-02	1.2917e-02
6.3360e+02	3.7129e+00	7.5080e-05	1.2922e-02	1.2922e-02
6.3588e+02	3.7108e+00	7.5023e-05	1.2927e-02	1.2927e-02
6.3816e+02	3.7087e+00	7.4966e-05	1.2931e-02	1.2931e-02
6.4044e+02	3.7066e+00	7.4910e-05	1.2936e-02	1.2936e-02
6.4271e+02	3.7046e+00	7.4855e-05	1.2940e-02	1.2940e-02
6.4499e+02	3.7025e+00	7.4800e-05	1.2945e-02	1.2945e-02
6.4727e+02	3.7005e+00	7.4745e-05	1.2949e-02	1.2949e-02
6.4955e+02	3.6984e+00	7.4691e-05	1.2953e-02	1.2953e-02
6.5182e+02	3.6964e+00	7.4637e-05	1.2957e-02	1.2957e-02
6.5410e+02	3.6944e+00	7.4583e-05	1.2961e-02	1.2961e-02
6.5638e+02	3.6924e+00	7.4530e-05	1.2965e-02	1.2965e-02
6.5866e+02	3.6904e+00	7.4477e-05	1.2969e-02	1.2969e-02
6.6093e+02	3.6884e+00	7.4425e-05	1.2973e-02	1.2973e-02
6.6321e+02	3.6864e+00	7.4373e-05	1.2976e-02	1.2976e-02
6.6549e+02	3.6844e+00	7.4322e-05	1.2980e-02	1.2980e-02
6.6776e+02	3.6825e+00	7.4271e-05	1.2984e-02	1.2984e-02
6.7004e+02	3.6806e+00	7.4221e-05	1.2987e-02	1.2987e-02
6.7232e+02	3.6786e+00	7.4170e-05	1.2990e-02	1.2990e-02
6.7460e+02	3.6767e+00	7.4121e-05	1.2993e-02	1.2993e-02
6.7687e+02	3.6748e+00	7.4071e-05	1.2997e-02	1.2997e-02
6.7915e+02	3.6729e+00	7.4023e-05	1.3000e-02	1.3000e-02
6.8143e+02	3.6710e+00	7.3974e-05	1.3003e-02	1.3003e-02
6.8371e+02	3.6691e+00	7.3926e-05	1.3006e-02	1.3006e-02
6.8598e+02	3.6672e+00	7.3879e-05	1.3008e-02	1.3008e-02
6.8826e+02	3.6654e+00	7.3831e-05	1.3011e-02	1.3011e-02
6.9054e+02	3.6635e+00	7.3785e-05	1.3014e-02	1.3014e-02
6.9282e+02	3.6617e+00	7.3738e-05	1.3016e-02	1.3016e-02
6.9509e+02	3.6599e+00	7.3692e-05	1.3019e-02	1.3019e-02
6.9737e+02	3.6580e+00	7.3647e-05	1.3021e-02	1.3021e-02
6.9965e+02	3.6562e+00	7.3602e-05	1.3024e-02	1.3024e-02
7.0192e+02	3.6544e+00	7.3557e-05	1.3026e-02	1.3026e-02
7.0420e+02	3.6526e+00	7.3513e-05	1.3028e-02	1.3028e-02
7.0648e+02	3.6508e+00	7.3469e-05	1.3030e-02	1.3030e-02
7.0876e+02	3.6491e+00	7.3426e-05	1.3032e-02	1.3032e-02
7.1103e+02	3.6473e+00	7.3383e-05	1.3034e-02	1.3034e-02
7.1331e+02	3.6455e+00	7.3340e-05	1.3036e-02	1.3036e-02
7.1559e+02	3.6438e+00	7.3298e-05	1.3038e-02	1.3038e-02
7.1787e+02	3.6420e+00	7.3256e-05	1.3039e-02	1.3039e-02
7.2014e+02	3.6403e+00	7.3215e-05	1.3041e-02	1.3041e-02
7.2242e+02	3.6386e+00	7.3174e-05	1.3042e-02	1.3042e-02
7.2470e+02	3.6368e+00	7.3134e-05	1.3044e-02	1.3044e-02
7.2697e+02	3.6351e+00	7.3094e-05	1.3045e-02	1.3045e-02
7.2925e+02	3.6334e+00	7.3054e-05	1.3046e-02	1.3046e-02
7.3153e+02	3.6317e+00	7.3015e-05	1.3048e-02	1.3048e-02
7.3381e+02	3.6301e+00	7.2976e-05	1.3049e-02	1.3049e-02
7.3608e+02	3.6284e+00	7.2938e-05	1.3050e-02	1.3050e-02
7.3836e+02	3.6267e+00	7.2900e-05	1.3051e-02	1.3051e-02
7.4064e+02	3.6250e+00	7.2862e-05	1.3052e-02	1.3052e-02
7.4292e+02	3.6234e+00	7.2825e-05	1.3053e-02	1.3053e-02
7.4519e+02	3.6217e+00	7.2789e-05	1.3053e-02	1.3053e-02
7.4747e+02	3.6201e+00	7.2753e-05	1.3054e-02	1.3054e-02
7.4975e+02	3.6185e+00	7.2717e-05	1.3055e-02	1.3055e-02
7.5203e+02	3.6168e+00	7.2681e-05	1.3055e-02	1.3055e-02
7.5430e+02	3.6152e+00	7.2646e-05	1.3056e-02	1.3056e-02
7.5658e+02	3.6136e+00	7.2612e-05	1.3056e-02	1.3056e-02
7.5886e+02	3.6120e+00	7.2578e-05	1.3056e-02	1.3056e-02
7.6113e+02	3.6104e+00	7.2544e-05	1.3057e-02	1.3057e-02
7.6341e+02	3.6088e+00	7.2511e-05	1.3057e-02	1.3057e-02
7.6569e+02	3.6073e+00	7.2478e-05	1.3057e-02	1.3057e-02
7.6797e+02	3.6057e+00	7.2445e-05	1.3057e-02	1.3057e-02
7.7024e+02	3.6041e+00	7.2413e-05	1.3057e-02	1.3057e-02
7.7252e+02	3.6026e+00	7.2382e-05	1.3057e-02	1.3057e-02
7.7480e+02	3.6010e+00	7.2351e-05	1.3056e-02	1.3056e-02
7.7708e+02	3.5995e+00	7.2320e-05	1.3056e-02	1.3056e-02
7.7935e+02	3.5979e+00	7.2290e-05	1.3056e-02	1.3056e-02
7.8163e+02	3.5964e+00	7.2260e-05	1.3055e-02	1.3055e-02
7.8391e+02	3.5949e+00	7.2230e-05	1.3055e-02	1.3055e-02
7.8618e+02	3.5934e+00	7.2201e-05	1.3054e-02	1.3054e-02
7.8846e+02	3.5918e+00	7.2173e-05	1.3054e-02	1.3054e-02
7.9074e+02	3.5903e+00	7.2144e-05	1.3053e-02	1.3053e-02
7.9302e+02	3.5888e+00	7.2117e-05	1.3052e-02	1.3052e-02
7.9529e+02	3.5873e+00	7.2089e-05	1.3051e-02	1.3051e-02
7.9757e+02	3.5859e+00	7.2062e-05	1.3050e-02	1.3050e-02
7.9985e+02	3.5844e+00	7.2036e-05	1.3049e-02	1.3049e-02
8.0213e+02	3.5829e+00	7.2010e-05	1.3048e-02	1.3048e-02
8.0440e+02	3.5814e+00	7.1984e-05	1.3047e-02	1.3047e-02
8.0668e+02	3.5800e+00	7.1959e-05	1.3046e-02	1.3046e-02
8.0896e+02	3.5785e+00	7.1934e-05	1.3045e-02	1.3045e-02
8.1124e+02	3.5771e+00	7.1909e-05	1.3044e-02	1.3044e-02
8.1351e+02	3.5756e+00	7.1885e-05	1.3042e-02	1.3042e-02
8.1579e+02	3.5742e+00	7.1862e-05	1.3041e-02	1.3041e-02
8.1807e+02	3.5728e+00	7.1839e-05	1.3039e-02	1.3039e-02
8.2034e+02	3.5713e+00	7.1816e-05	1.3038e-02	1.3038e-02
8.2262e+02	3.5699e+00	7.1794e-05	1.3036e-02	1.3036e-02
8.2490e+02	3.5685e+00	7.1772e-05	1.3034e-02	1.3034e-02
8.2718e+02	3.5671e+00	7.1750e-05	1.3032e-02	1.3032e-02
8.2945e+02	3.5657e+00	7.1729e-05	1.3030e-02	1.3030e-02
8.3173e+02	3.5643e+00	7.1709e-05	1.3029e-02	1.3029e-02
8.3401e+02	3.5629e+00	7.1688e-05	1.3027e-02	1.3027e-02
8.3629e+02	3.5615e+00	7.1669e-05	1.3025e-02	1.3025e-02
8.3856e+02	3.5601e+00	7.1649e-05	1.3022e-02	1.3022e-02
8.4084e+02	3.5588e+00	7.1630e-05	1.3020e-02	1.3020e-02
8.4312e+02	3.5574e+00	7.1612e-05	1.3018e-02	1.3018e-02
8.4540e+02	3.5560e+00	7.1594e-05	1.3016e-02	1.3016e-02
8.4767e+02	3.5547e+00	7.1576e-05	1.3013e-02	1.3013e-02
8.4995e+02	3.5533e+00	7.1559e-05	1.3011e-02	1.3011e-02
8.5223e+02	3.5520e+00	7.1542e-05	1.3008e-02	1.3008e-02
8.5450e+02	3.5506e+00	7.1526e-05	1.3006e-02	1.3006e-02
8.5678e+02	3.5493e+00	7.1510e-05	1.3003e-02	1.3003e-02
8.5906e+02	3.5480e+00	7.1494e-05	1.3000e-02	1.3000e-02
8.6134e+02	3.5466e+00	7.1479e-05	1.2997e-02	1.2997e-02
8.6361e+02	3.5453e+00	7.1465e-05	1.2995e-02	1.2995e-02
8.6589e+02	3.5440e+00	7.1450e-05	1.2992e-02	1.2992e-02
8.6817e+02	3.5427e+00	7.1436e-05	1.2989e-02	1.2989e-02
8.7045e+02	3.5414e+00	7.1423e-05	1.2986e-02	1.2986e-02
8.7272e+02	3.5401e+00	7.1410e-05	1.2983e-02	1.2983e-02
8.7500e+02	3.5388e+00	7.1397e-05	1.2979e-02	1.2979e-02
8.7728e+02	3.5375e+00	7.1385e-05	1.2976e-02	1.2976e-02
8.7955e+02	3.5362e+00	7.1374e-05	1.2973e-02	1.2973e-02
8.8183e+02	3.5349e+00	7.1362e-05	1.2970e-02	1.2970e-02
8.8411e+02	3.5336e+00	7.1351e-05	1.2966e-02	1.2966e-02
8.8639e+02	3.5324e+00	7.1341e-05	1.2963e-02	1.2963e-02
8.8866e+02	3.5311e+00	7.1331e-05	1.2959e-02	1.2959e-02
8.9094e+02	3.5298e+00	7.1321e-05	1.2955e-02	1.2955e-02
8.9322e+02	3.5286e+00	7.1312e-05	1.2952e-02	1.2952e-02
8.9550e+02	3.5273e+00	7.1303e-05	1.2948e-02	1.2948e-02
8.9777e+02	3.5261e+00	7.1295e-05	1.2944e-02	1.2944e-02
9.0005e+02	3.5248e+00	7.1287e-05	1.2940e-02	1.2940e-02
9.0233e+02	3.5236e+00	7.1280e-05	1.2936e-02	1.2936e-02
9.0461e+02	3.5223e+00	7.1272e-05	1.2932e-02	1.2932e-02
9.0688e+02	3.5211e+00	7.1266e-05	1.2928e-02	1.2928e-02
9.0916e+02	3.5199e+00	7.1260e-05	1.2924e-02	1.2924e-02
9.1144e+02	3.5186e+00	7.1254e-05	1.2920e-02	1.2920e-02
9.1371e+02	3.5174e+00	7.1248e-05	1.2916e-02	1.2916e-02
9.1599e+02	3.5162e+00	7.1243e-05	1.2912e-02	1.2912e-02
9.1827e+02	3.5150e+00	7.1239e-05	1.2907e-02	1.2907e-02
9.2055e+02	3.5138e+00	7.1235e-05	1.2903e-02	1.2903e-02
9.2282e+02	3.5126e+00	7.1231e-05	1.2898e-02	1.2898e-02
9.2510e+02	3.5114e+00	7.1228e-05	1.2894e-02	1.2894e-02
9.2738e+02	3.5102e+00	7.1225e-05	1.2889e-02	1.2889e-02
9.2966e+02	3.5090e+00	7.1223e-05	1.2885e-02	1.2885e-02
9.3193e+02	3.5078e+00	7.1221e-05	1.2880e-02	1.2880e-02
9.3421e+02	3.5066e+00	7.1219e-05	1.2875e-02	1.2875e-02
9.3649e+02	3.5054e+00	7.1218e-05	1.2870e-02	1.2870e-02
9.3877e+02	3.5043e+00	7.1217e-05	1.2865e-02	1.2865e-02
9.4104e+02	3.5031e+00	7.1217e-05	1.2860e-02	1.2860e-02
9.4332e+02	3.5019e+00	7.1217e-05	1.2855e-02	1.2855e-02
9.4560e+02	3.5008e+00	7.1218e-05	1.2850e-02	1.2850e-02
9.4787e+02	3.4996e+00	7.1219e-05	1.2845e-02	1.2845e-02
9.5015e+02	3.4985e+00	7.1220e-05	1.2840e-02	1.2840e-02
9.5243e+02	3.4973e+00	7.1222e-05	1.2834e-02	1.2834e-02
9.5471e+02	3.4962e+00	7.1224e-05	1.2829e-02	1.2829e-02
9.5698e+02	3.4950e+00	7.1227e-05	1.2824e-02	1.2824e-02
9.5926e+02	3.4939e+00	7.1230e-05	1.2818e-02	1.2818e-02
9.6154e+02	3.4927e+00	7.1233e-05	1.2813e-02	1.2813e-02
9.6382e+02	3.4916e+00	7.1237e-05	1.2807e-02	1.2807e-02
9.6609e+02	3.4905e+00	7.1242e-05	1.2801e-02	1.2801e-02
9.6837e+02	3.4893e+00	7.1247e-05	1.2796e-02	1.2796e-02
9.7065e+02	3.4882e+00	7.1252e-05	1.2790e-02	1.2790e-02
9.7292e+02	3.4871e+00	7.1257e-05	1.2784e-02	1.2784e-02
9.7520e+02	3.4860e+00	7.1264e-05	1.2778e-02	1.2778e-02
9.7748e+02	3.4849e+00	7.1270e-05	1.2772e-02	1.2772e-02
9.7976e+02	3.4838e+00	7.1277e-05	1.2766e-02	1.2766e-02
9.8203e+02	3.4827e+00	7.1284e-05	1.2760e-02	1.2760e-02
9.8431e+02	3.4816e+00	7.1292e-05	1.2754e-02	1.2754e-02
9.8659e+02	3.4805e+00	7.1300e-05	1.2748e-02	1.2748e-02
9.8887e+02	3.4794e+00	7.1309e-05	1.2742e-02	1.2742e-02
9.9114e+02	3.4783e+00	7.1318e-05	1.2735e-02	1.2735e-02
9.9342e+02	3.4772e+00	7.1327e-05	1.2729e-02	1.2729e-02
9.9570e+02	3.4761e+00	7.1337e-05	1.2722e-02	1.2722e-02
9.9798e+02	3.4750e+00	7.1348e-05	1.2716e-02	1.2716e-02
1.0003e+03	3.4740e+00	7.1358e-05	1.2709e-02	1.2709e-02
1.0025e+03	3.4729e+00	7.1370e-05	1.2703e-02	1.2703e-02
1.0048e+03	3.4718e+00	7.1381e-05	1.2696e-02	1.2696e-02
1.0071e+03	3.4707e+00	7.1393e-05	1.2689e-02	1.2689e-02
1.0094e+03	3.4697e+00	7.1406e-05	1.2682e-02	1.2682e-02
1.0116e+03	3.4686e+00	7.1418e-05	1.2676e-02	1.2676e-02
1.0139e+03	3.4676e+00	7.1432e-05	1.2669e-02	1.2669e-02
1.0162e+03	3.4665e+00	7.1445e-05	1.2662e-02	1.2662e-02
1.0185e+03	3.4655e+00	7.1460e-05	1.2655e-02	1.2655e-02
1.0207e+03	3.4644e+00	7.1474e-05	1.2647e-02	1.2647e-02
1.0230e+03	3.4634e+00	7.1489e-05	1.2640e-02	1.2640e-02
1.0253e+03	3.4623e+00	7.1505e-05	1.2633e-02	1.2633e-02
1.0276e+03	3.4613e+00	7.1520e-05	1.2626e-02	1.2626e-02
1.0299e+03	3.4602e+00	7.1537e-05	1.2618e-02	1.2618e-02
1.0321e+03	3.4592e+00	7.1553e-05	1.2611e-02	1.2611e-02
1.0344e+03	3.4582e+00	7.1571e-05	1.2603e-02	1.2603e-02
1.0367e+03	3.4571e+00	7.1588e-05	1.2596e-02	1.2596e-02
1.0390e+03	3.4561e+00	7.1606e-05	1.2588e-02	1.2588e-02
1.0412e+03	3.4551e+00	7.1624e-05	1.2581e-02	1.2581e-02
1.0435e+03	3.4541e+00	7.1643e-05	1.2573e-02	1.2573e-02
1.0458e+03	3.4531e+00	7.1662e-05	1.2565e-02	1.2565e-02
1.0481e+03	3.4521e+00	7.1682e-05	1.2557e-02	1.2557e-02
1.0504e+03	3.4510e+00	7.1702e-05	1.2549e-02	1.2549e-02
1.0526e+03	3.4500e+00	7.1723e-05	1.2541e-02	1.2541e-02
1.0549e+03	3.4490e+00	7.1744e-05	1.2533e-02	1.2533e-02
1.0572e+03	3.4480e+00	7.1765e-05	1.2525e-02	1.2525e-02
1.0595e+03	3.4470e+00	7.1787e-05	1.2517e-02	1.2517e-02
1.0617e+03	3.4460e+00	7.1809e-05	1.2509e-02	1.2509e-02
1.0640e+03	3.4450e+00	7.1832e-05	1.2500e-02	1.2500e-02
1.0663e+03	3.4441e+00	7.1855e-05	1.2492e-02	1.2492e-02
1.0686e+03	3.4431e+00	7.1878e-05	1.2484e-02	1.2484e-02
1.0708e+03	3.4421e+00	7.1902e-05	1.2475e-02	1.2475e-02
1.0731e+03	3.4411e+00	7.1927e-05	1.2467e-02	1.2467e-02
1.0754e+03	3.4401e+00	7.1951e-05	1.2458e-02	1.2458e-02
1.0777e+03	3.4391e+00	7.1977e-05	1.2449e-02	1.2449e-02
1.0800e+03	3.4382e+00	7.2002e-05	1.2440e-02	1.2440e-02
1.0822e+03	3.4372e+00	7.2028e-05	1.2432e-02	1.2432e-02
1.0845e+03	3.4362e+00	7.2055e-05	1.2423e-02	1.2423e-02
1.0868e+03	3.4353e+00	7.2082e-05	1.2414e-02	1.2414e-02
1.0891e+03	3.4343e+00	7.2109e-05	1.2405e-02	1.2405e-02
1.0913e+03	3.4333e+00	7.2137e-05	1.2396e-02	1.2396e-02
1.0936e+03	3.4324e+00	7.2165e-05	1.2387e-02	1.2387e-02
1.0959e+03	3.4314e+00	7.2194e-05	1.2377e-02	1.2377e-02
1.0982e+03	3.4305e+00	7.2223e-05	1.2368e-02	1.2368e-02
1.1005e+03	3.4295e+00	7.2252e-05	1.2359e-02	1.2359e-02
1.1027e+03	3.4286e+00	7.2282e-05	1.2349e-02	1.2349e-02
1.1050e+03	3.4276e+00	7.2312e-05	1.2340e-02	1.2340e-02
1.1073e+03	3.4267e+00	7.2343e-05	1.2330e-02	1.2330e-02
1.1096e+03	3.4257e+00	7.2374e-05	1.2321e-02	1.2321e-02
1.1118e+03	3.4248e+00	7.2406e-05	1.2311e-02	1.2311e-02
1.1141e+03	3.4239e+00	7.2438e-05	1.2301e-02	1.2301e-02
1.1164e+03	3.4229e+00	7.2470e-05	1.2292e-02	1.2292e-02
1.1187e+03	3.4220e+00	7.2503e-05	1.2282e-02	1.2282e-02
1.1210e+03	3.4211e+00	7.2536e-05	1.2272e-02	1.2272e-02
1.1232e+03	3.4201e+00	7.2570e-05	1.2262e-02	1.2262e-02
1.1255e+03	3.4192e+00	7.2604e-05	1.2252e-02	1.2252e-02
1.1278e+03	3.4183e+00	7.2639e-05	1.2242e-02	1.2242e-02
1.1301e+03	3.4174e+00	7.2674e-05	1.2231e-02	1.2231e-02
1.1323e+03	3.4165e+00	7.2709e-05	1.2221e-02	1.2221e-02
1.1346e+03	3.4155e+00	7.2745e-05	1.2211e-02	1.2211e-02
1.1369e+03	3.4146e+00	7.2781e-05	1.2201e-02	1.2201e-02
1.1392e+03	3.4137e+00	7.2818e-05	1.2190e-02	1.2190e-02
1.1414e+03	3.4128e+00	7.2855e-05	1.2180e-02	1.2180e-02
1.1437e+03	3.4119e+00	7.2893e-05	1.2169e-02	1.2169e-02
1.1460e+03	3.4110e+00	7.2931e-05	1.2158e-02	1.2158e-02
1.1483e+03	3.4101e+00	7.2969e-05	1.2148e-02	1.2148e-02
1.1506e+03	3.4092e+00	7.3008e-05	1.2137e-02	1.2137e-02
1.1528e+03	3.4083e+00	7.3047e-05	1.2126e-02	1.2126e-02
1.1551e+03	3.4074e+00	7.3087e-05	1.2115e-02	1.2115e-02
1.1574e+03	3.4065e+00	7.3127e-05	1.2104e-02	1.2104e-02
1.1597e+03	3.4056e+00	7.3168e-05	1.2093e-02	1.2093e-02
1.1619e+03	3.4047e+00	7.3209e-05	1.2082e-02	1.2082e-02
1.1642e+03	3.4039e+00	7.3250e-05	1.2070e-02	1.2070e-02
1.1665e+03	3.4030e+00	7.3292e-05	1.2059e-02	1.2059e-02
1.1688e+03	3.4021e+00	7.3334e-05	1.2048e-02	1.2048e-02
1.1711e+03	3.4012e+00	7.3377e-05	1.2036e-02	1.2036e-02
1.1733e+03	3.4003e+00	7.3420e-05	1.2025e-02	1.2025e-02
1.1756e+03	3.3995e+00	7.3463e-05	1.2013e-02	1.2013e-02
1.1779e+03	3.3986e+00	7.3507e-05	1.2002e-02	1.2002e-02
1.1802e+03	3.3977e+00	7.3552e-05	1.1990e-02	1.1990e-02
1.1824e+03	3.3968e+00	7.3596e-05	1.1978e-02	1.1978e-02
1.1847e+03	3.3960e+00	7.3642e-05	1.1966e-02	1.1966e-02
1.1870e+03	3.3951e+00	7.3687e-05	1.1954e-02	1.1954e-02
1.1893e+03	3.3942e+00	7.3733e-05	1.1942e-02	1.1942e-02
1.1915e+03	3.3934e+00	7.3780e-05	1.1930e-02	1.1930e-02
1.1938e+03	3.3925e+00	7.3827e-05	1.1918e-02	1.1918e-02
1.1961e+03	3.3917e+00	7.3874e-05	1.1906e-02	1.1906e-02
1.1984e+03	3.3908e+00	7.3922e-05	1.1894e-02	1.1894e-02
1.2007e+03	3.3899e+00	7.3970e-05	1.1881e-02	1.1881e-02
1.2029e+03	3.3891e+00	7.4019e-05	1.1869e-02	1.1869e-02
1.2052e+03	3.3882e+00	7.4068e-05	1.1856e-02	1.1856e-02
1.2075e+03	3.3874e+00	7.4118e-05	1.1844e-02	1.1844e-02
1.2098e+03	3.3865e+00	7.4167e-05	1.1831e-02	1.1831e-02
1.2120e+03	3.3857e+00	7.4218e-05	1.1818e-02	1.1818e-02
1.2143e+03	3.3849e+00	7.4269e-05	1.1806e-02	1.1806e-02
1.2166e+03	3.3840e+00	7.4320e-05	1.1793e-02	1.1793e-02
1.2189e+03	3.3832e+00	7.4371e-05	1.1780e-02	1.1780e-02
1.2212e+03	3.3823e+00	7.4424e-05	1.1767e-02	1.1767e-02
1.2234e+03	3.3815e+00	7.4476e-05	1.1754e-02	1.1754e-02
1.2257e+03	3.3807e+00	7.4529e-05	1.1741e-02	1.1741e-02
1.2280e+03	3.3798e+00	7.4582e-05	1.1727e-02	1.1727e-02
1.2303e+03	3.3790e+00	7.4636e-05	1.1714e-02	1.1714e-02
1.2325e+03	3.3782e+00	7.4690e-05	1.1701e-02	1.1701e-02
1.2348e+03	3.3774e+00	7.4745e-05	1.1687e-02	1.1687e-02
1.2371e+03	3.3765e+00	7.4800e-05	1.1674e-02	1.1674e-02
1.2394e+03	3.3757e+00	7.4855e-05	1.1660e-02	1.1660e-02
1.2416e+03	3.3749e+00	7.4911e-05	1.1646e-02	1.1646e-02
1.2439e+03	3.3741e+00	7.4968e-05	1.1632e-02	1.1632e-02
1.2462e+03	3.3732e+00	7.5024e-05	1.1619e-02	1.1619e-02
1.2485e+03	3.3724e+00	7.5082e-05	1.1605e-02	1.1605e-02
1.2508e+03	3.3716e+00	7.5139e-05	1.1591e-02	1.1591e-02
1.2530e+03	3.3708e+00	7.5197e-05	1.1577e-02	1.1577e-02
1.2553e+03	3.3700e+00	7.5256e-05	1.1562e-02	1.1562e-02
1.2576e+03	3.3692e+00	7.5315e-05	1.1548e-02	1.1548e-02
1.2599e+03	3.3684e+00	7.5374e-05	1.1534e-02	1.1534e-02
1.2621e+03	3.3676e+00	7.5434e-05	1.1519e-02	1.1519e-02
1.2644e+03	3.3668e+00	7.5494e-05	1.1505e-02	1.1505e-02
1.2667e+03	3.3660e+00	7.5555e-05	1.1490e-02	1.1490e-02
1.2690e+03	3.3652e+00	7.5616e-05	1.1476e-02	1.1476e-02
1.2713e+03	3.3644e+00	7.5677e-05	1.1461e-02	1.1461e-02
1.2735e+03	3.3636e+00	7.5739e-05	1.1446e-02	1.1446e-02
1.2758e+03	3.3628e+00	7.5801e-05	1.1431e-02	1.1431e-02
1.2781e+03	3.3620e+00	7.5864e-05	1.1416e-02	1.1416e-02
1.2804e+03	3.3612e+00	7.5927e-05	1.1401e-02	1.1401e-02
1.2826e+03	3.3604e+00	7.5991e-05	1.1386e-02	1.1386e-02
1.2849e+03	3.3596e+00	7.6055e-05	1.1371e-02	1.1371e-02
1.2872e+03	3.3588e+00	7.6119e-05	1.1356e-02	1.1356e-02
1.2895e+03	3.3580e+00	7.6184e-05	1.1340e-02	1.1340e-02
1.2917e+03	3.3572e+00	7.6250e-05	1.1325e-02	1.1325e-02
1.2940e+03	3.3564e+00	7.6315e-05	1.1310e-02	1.1310e-02
1.2963e+03	3.3557e+00	7.6382e-05	1.1294e-02	1.1294e-02
1.2986e+03	3.3549e+00	7.6448e-05	1.1278e-02	1.1278e-02
1.3009e+03	3.3541e+00	7.6515e-05	1.1262e-02	1.1262e-02
1.3031e+03	3.3533e+00	7.6583e-05	1.1247e-02	1.1247e-02
1.3054e+03	3.3526e+00	7.6651e-05	1.1231e-02	1.1231e-02
1.3077e+03	3.3518e+00	7.6719e-05	1.1215e-02	1.1215e-02
1.3100e+03	3.3510e+00	7.6788e-05	1.1199e-02	1.1199e-02
1.3122e+03	3.3502e+00	7.6857e-05	1.1182e-02	1.1182e-02
1.3145e+03	3.3495e+00	7.6926e-05	1.1166e-02	1.1166e-02
1.3168e+03	3.3487e+00	7.6996e-05	1.1150e-02	1.1150e-02
1.3191e+03	3.3479e+00	7.7067e-05	1.1133e-02	1.1133e-02
1.3214e+03	3.3472e+00	7.7138e-05	1.1117e-02	1.1117e-02
1.3236e+03	3.3464e+00	7.7209e-05	1.1100e-02	1.1100e-02
1.3259e+03	3.3456e+00	7.7281e-05	1.1084e-02	1.1084e-02
1.3282e+03	3.3449e+00	7.7353e-05	1.1067e-02	1.1067e-02
1.3305e+03	3.3441e+00	7.7426e-05	1.1050e-02	1.1050e-02
1.3327e+03	3.3433e+00	7.7499e-05	1.1033e-02	1.1033e-02
1.3350e+03	3.3426e+00	7.7572e-05	1.1016e-02	1.1016e-02
1.3373e+03	3.3418e+00	7.7646e-05	1.0999e-02	1.0999e-02
1.3396e+03	3.3411e+00	7.7720e-05	1.0982e-02	1.0982e-02
1.3419e+03	3.3403e+00	7.7795e-05	1.0964e-02	1.0964e-02
1.3441e+03	3.3396e+00	7.7870e-05	1.0947e-02	1.0947e-02
1.3464e+03	3.3388e+00	7.7946e-05	1.0929e-02	1.0929e-02
1.3487e+03	3.3381e+00	7.8022e-05	1.0912e-02	1.0912e-02
1.3510e+03	3.3373e+00	7.8098e-05	1.0894e-02	1.0894e-02
1.3532e+03	3.3366e+00	7.8175e-05	1.0877e-02	1.0877e-02
1.3555e+03	3.3358e+00	7.8253e-05	1.0859e-02	1.0859e-02
1.3578e+03	3.3351e+00	7.8330e-05	1.0841e-02	1.0841e-02
1.3601e+03	3.3343e+00	7.8408e-05	1.0823e-02	1.0823e-02
1.3623e+03	3.3336e+00	7.8487e-05	1.0805e-02	1.0805e-02
1.3646e+03	3.3329e+00	7.8566e-05	1.0787e-02	1.0787e-02
1.3669e+03	3.3321e+00	7.8646e-05	1.0768e-02	1.0768e-02
1.3692e+03	3.3314e+00	7.8725e-05	1.0750e-02	1.0750e-02
1.3715e+03	3.3306e+00	7.8806e-05	1.0732e-02	1.0732e-02
1.3737e+03	3.3299e+00	7.8886e-05	1.0713e-02	1.0713e-02
1.3760e+03	3.3292e+00	7.8968e-05	1.0695e-02	1.0695e-02
1.3783e+03	3.3284e+00	7.9049e-05	1.0676e-02	1.0676e-02
1.3806e+03	3.3277e+00	7.9131e-05	1.0657e-02	1.0657e-02
1.3828e+03	3.3270e+00	7.9214e-05	1.0638e-02	1.0638e-02
1.3851e+03	3.3263e+00	7.9297e-05	1.0619e-02	1.0619e-02
1.3874e+03	3.3255e+00	7.9380e-05	1.0600e-02	1.0600e-02
1.3897e+03	3.3248e+00	7.9464e-05	1.0581e-02	1.0581e-02
1.3920e+03	3.3241e+00	7.9548e-05	1.0562e-02	1.0562e-02
1.3942e+03	3.3233e+00	7.9632e-05	1.0542e-02	1.0542e-02
1.3965e+03	3.3226e+00	7.9718e-05	1.0523e-02	1.0523e-02
1.3988e+03	3.3219e+00	7.9803e-05	1.0504e-02	1.0504e-02
1.4011e+03	3.3212e+00	7.9889e-05	1.0484e-02	1.0484e-02
1.4033e+03	3.3205e+00	7.9975e-05	1.0464e-02	1.0464e-02
1.4056e+03	3.3197e+00	8.0062e-05	1.0444e-02	1.0444e-02
1.4079e+03	3.3190e+00	8.0149e-05	1.0425e-02	1.0425e-02
1.4102e+03	3.3183e+00	8.0237e-05	1.0405e-02	1.0405e-02
1.4124e+03	3.3176e+00	8.0325e-05	1.0385e-02	1.0385e-02
1.4147e+03	3.3169e+00	8.0413e-05	1.0364e-02	1.0364e-02
1.4170e+03	3.3162e+00	8.0502e-05	1.0344e-02	1.0344e-02
1.4193e+03	3.3155e+00	8.0591e-05	1.0324e-02	1.0324e-02
1.4216e+03	3.3147e+00	8.0681e-05	1.0303e-02	1.0303e-02
1.4238e+03	3.3140e+00	8.0771e-05	1.0283e-02	1.0283e-02
1.4261e+03	3.3133e+00	8.0862e-05	1.0262e-02	1.0262e-02
1.4284e+03	3.3126e+00	8.0953e-05	1.0242e-02	1.0242e-02
1.4307e+03	3.3119e+00	8.1045e-05	1.0221e-02	1.0221e-02
1.4329e+03	3.3112e+00	8.1136e-05	1.0200e-02	1.0200e-02
1.4352e+03	3.3105e+00	8.1229e-05	1.0179e-02	1.0179e-02
1.4375e+03	3.3098e+00	8.1322e-05	1.0158e-02	1.0158e-02
1.4398e+03	3.3091e+00	8.1415e-05	1.0137e-02	1.0137e-02
1.4421e+03	3.3084e+00	8.1508e-05	1.0115e-02	1.0115e-02
1.4443e+03	3.3077e+00	8.1602e-05	1.0094e-02	1.0094e-02
1.4466e+03	3.3070e+00	8.1697e-05	1.0073e-02	1.0073e-02
1.4489e+03	3.3063e+00	8.1792e-05	1.0051e-02	1.0051e-02
1.4512e+03	3.3056e+00	8.1887e-05	1.0029e-02	1.0029e-02
1.4534e+03	3.3049e+00	8.1983e-05	1.0008e-02	1.0008e-02
1.4557e+03	3.3042e+00	8.2079e-05	9.9858e-03	9.9858e-03
1.4580e+03	3.3035e+00	8.2176e-05	9.9639e-03	9.9639e-03
1.4603e+03	3.3028e+00	8.2273e-05	9.9419e-03	9.9419e-03
1.4625e+03	3.3021e+00	8.2370e-05	9.9197e-03	9.9197e-03
1.4648e+03	3.3015e+00	8.2468e-05	9.8975e-03	9.8975e-03
1.4671e+03	3.3008e+00	8.2566e-05	9.8752e-03	9.8752e-03
1.4694e+03	3.3001e+00	8.2665e-05	9.8528e-03	9.8528e-03
1.4717e+03	3.2994e+00	8.2764e-05	9.8303e-03	9.8303e-03
1.4739e+03	3.2987e+00	8.2864e-05	9.8077e-03	9.8077e-03
1.4762e+03	3.2980e+00	8.2964e-05	9.7850e-03	9.7850e-03
1.4785e+03	3.2973e+00	8.3065e-05	9.7622e-03	9.7622e-03
1.4808e+03	3.2966e+00	8.3166e-05	9.7394e-03	9.7394e-03
1.4830e+03	3.2960e+00	8.3267e-05	9.7164e-03	9.7164e-03
1.4853e+03	3.2953e+00	8.3369e-05	9.6933e-03	9.6933e-03
1.4876e+03	3.2946e+00	8.3471e-05	9.6701e-03	9.6701e-03
1.4899e+03	3.2939e+00	8.3574e-05	9.6469e-03	9.6469e-03
1.4922e+03	3.2932e+00	8.3677e-05	9.6235e-03	9.6235e-03
1.4944e+03	3.2926e+00	8.3780e-05	9.6000e-03	9.6000e-03
1.4967e+03	3.2919e+00	8.3884e-05	9.5765e-03	9.5765e-03
1.4990e+03	3.2912e+00	8.3988e-05	9.5528e-03	9.5528e-03
1.5013e+03	3.2905e+00	8.4093e-05	9.5291e-03	9.5291e-03
1.5035e+03	3.2899e+00	8.4198e-05	9.5052e-03	9.5052e-03
1.5058e+03	3.2892e+00	8.4304e-05	9.4813e-03	9.4813e-03
1.5081e+03	3.2885e+00	8.4410e-05	9.4573e-03	9.4573e-03
1.5104e+03	3.2878e+00	8.4517e-05	9.4331e-03	9.4331e-03
1.5126e+03	3.2872e+00	8.4624e-05	9.4089e-03	9.4089e-03
1.5149e+03	3.2865e+00	8.4731e-05	9.3846e-03	9.3846e-03
1.5172e+03	3.2858e+00	8.4839e-05	9.3601e-03	9.3601e-03
1.5195e+03	3.2852e+00	8.4947e-05	9.3356e-03	9.3356e-03
1.5218e+03	3.2845e+00	8.5056e-05	9.3110e-03	9.3110e-03
1.5240e+03	3.2838e+00	8.5165e-05	9.2863e-03	9.2863e-03
1.5263e+03	3.2832e+00	8.5274e-05	9.2615e-03	9.2615e-03
1.5286e+03	3.2825e+00	8.5384e-05	9.2366e-03	9.2366e-03
1.5309e+03	3.2818e+00	8.5495e-05	9.2116e-03	9.2116e-03
1.5331e+03	3.2812e+00	8.5605e-05	9.1865e-03	9.1865e-03
1.5354e+03	3.2805e+00	8.5717e-05	9.1613e-03	9.1613e-03
1.5377e+03	3.2799e+00	8.5828e-05	9.1360e-03	9.1360e-03
1.5400e+03	3.2792e+00	8.5940e-05	9.1106e-03	9.1106e-03
1.5423e+03	3.2785e+00	8.6053e-05	9.0851e-03	9.0851e-03
1.5445e+03	3.2779e+00	8.6166e-05	9.0595e-03	9.0595e-03
1.5468e+03	3.2772e+00	8.6279e-05	9.0338e-03	9.0338e-03
1.5491e+03	3.2766e+00	8.6393e-05	9.0081e-03	9.0081e-03
1.5514e+03	3.2759e+00	8.6507e-05	8.9822e-03	8.9822e-03
1.5536e+03	3.2752e+00	8.6622e-05	8.9562e-03	8.9562e-03
1.5559e+03	3.2746e+00	8.6737e-05	8.9302e-03	8.9302e-03
1.5582e+03	3.2739e+00	8.6853e-05	8.9040e-03	8.9040e-03
1.5605e+03	3.2733e+00	8.6969e-05	8.8778e-03	8.8778e-03
1.5627e+03	3.2726e+00	8.7085e-05	8.8514e-03	8.8514e-03
1.5650e+03	3.2720e+00	8.7202e-05	8.8250e-03	8.8250e-03
1.5673e+03	3.2713e+00	8.7319e-05	8.7984e-03	8.7984e-03
1.5696e+03	3.2707e+00	8.7437e-05	8.7718e-03	8.7718e-03
1.5719e+03	3.2700e+00	8.7555e-05	8.7450e-03	8.7450e-03
1.5741e+03	3.2694e+00	8.7674e-05	8.7182e-03	8.7182e-03
1.5764e+03	3.2687e+00	8.7793e-05	8.6913e-03	8.6913e-03
1.5787e+03	3.2681e+00	8.7912e-05	8.6643e-03	8.6643e-03
1.5810e+03	3.2674e+00	8.8032e-05	8.6371e-03	8.6371e-03
1.5832e+03	3.2668e+00	8.8152e-05	8.6099e-03	8.6099e-03
1.5855e+03	3.2661e+00	8.8273e-05	8.5826e-03	8.5826e-03
1.5878e+03	3.2655e+00	8.8394e-05	8.5552e-03	8.5552e-03
1.5901e+03	3.2649e+00	8.8516e-05	8.5277e-03	8.5277e-03
1.5924e+03	3.2642e+00	8.8638e-05	8.5001e-03	8.5001e-03
1.5946e+03	3.2636e+00	8.8760e-05	8.4725e-03	8.4725e-03
1.5969e+03	3.2629e+00	8.8883e-05	8.4447e-03	8.4447e-03
1.5992e+03	3.2623e+00	8.9006e-05	8.4168e-03	8.4168e-03
1.6015e+03	3.2616e+00	8.9130e-05	8.3888e-03	8.3888e-03
1.6037e+03	3.2610e+00	8.9254e-05	8.3608e-03	8.3608e-03
1.6060e+03	3.2604e+00	8.9379e-05	8.3326e-03	8.3326e-03
1.6083e+03	3.2597e+00	8.9504e-05	8.3044e-03	8.3044e-03
1.6106e+03	3.2591e+00	8.9629e-05	8.2760e-03	8.2760e-03
1.6129e+03	3.2585e+00	8.9755e-05	8.2476e-03	8.2476e-03
1.6151e+03	3.2578e+00	8.9881e-05	8.2191e-03	8.2191e-03
1.6174e+03	3.2572e+00	9.0008e-05	8.1905e-03	8.1905e-03
1.6197e+03	3.2565e+00	9.0135e-05	8.1618e-03	8.1618e-03
1.6220e+03	3.2559e+00	9.0263e-05	8.1330e-03	8.1330e-03
1.6242e+03	3.2553e+00	9.0391e-05	8.1041e-03	8.1041e-03
1.6265e+03	3.2546e+00	9.0519e-05	8.0751e-03	8.0751e-03
1.6288e+03	3.2540e+00	9.0648e-05	8.0460e-03	8.0460e-03
1.6311e+03	3.2534e+00	9.0778e-05	8.0168e-03	8.0168e-03
1.6333e+03	3.2527e+00	9.0907e-05	7.9876e-03	7.9876e-03
1.6356e+03	3.2521e+00	9.1038e-05	7.9582e-03	7.9582e-03
1.6379e+03	3.2515e+00	9.1168e-05	7.9288e-03	7.9288e-03
1.6402e+03	3.2509e+00	9.1299e-05	7.8993e-03	7.8993e-03
1.6425e+03	3.2502e+00	9.1431e-05	7.8697e-03	7.8697e-03
1.6447e+03	3.2496e+00	9.1563e-05	7.8399e-03	7.8399e-03
1.6470e+03	3.2490e+00	9.1695e-05	7.8102e-03	7.8102e-03
1.6493e+03	3.2483e+00	9.1828e-05	7.7803e-03	7.7803e-03
1.6516e+03	3.2477e+00	9.1961e-05	7.7503e-03	7.7503e-03
1.6538e+03	3.2471e+00	9.2095e-05	7.7202e-03	7.7202e-03
1.6561e+03	3.2465e+00	9.2229e-05	7.6901e-03	7.6901e-03
1.6584e+03	3.2458e+00	9.2363e-05	7.6599e-03	7.6599e-03
1.6607e+03	3.2452e+00	9.2498e-05	7.6295e-03	7.6295e-03
1.6630e+03	3.2446e+00	9.2634e-05	7.5991e-03	7.5991e-03
1.6652e+03	3.2440e+00	9.2769e-05	7.5686e-03	7.5686e-03
1.6675e+03	3.2433e+00	9.2906e-05	7.5381e-03	7.5381e-03
1.6698e+03	3.2427e+00	9.3042e-05	7.5074e-03	7.5074e-03
1.6721e+03	3.2421e+00	9.3179e-05	7.4766e-03	7.4766e-03
1.6743e+03	3.2415e+00	9.3317e-05	7.4458e-03	7.4458e-03
1.6766e+03	3.2409e+00	9.3455e-05	7.4149e-03	7.4149e-03
1.6789e+03	3.2402e+00	9.3593e-05	7.3839e-03	7.3839e-03
1.6812e+03	3.2396e+00	9.3732e-05	7.3528e-03	7.3528e-03
1.6834e+03	3.2390e+00	9.3871e-05	7.3216e-03	7.3216e-03
1.6857e+03	3.2384e+00	9.4011e-05	7.2904e-03	7.2904e-03
1.6880e+03	3.2378e+00	9.4151e-05	7.2590e-03	7.2590e-03
1.6903e+03	3.2371e+00	9.4292e-05	7.2276e-03	7.2276e-03
1.6926e+03	3.2365e+00	9.4433e-05	7.1961e-03	7.1961e-03
1.6948e+03	3.2359e+00	9.4574e-05	7.1646e-03	7.1646e-03
1.6971e+03	3.2353e+00	9.4716e-05	7.1329e-03	7.1329e-03
1.6994e+03	3.2347e+00	9.4858e-05	7.1012e-03	7.1012e-03
1.7017e+03	3.2340e+00	9.5001e-05	7.0693e-03	7.0693e-03
1.7039e+03	3.2334e+00	9.5144e-05	7.0375e-03	7.0375e-03
1.7062e+03	3.2328e+00	9.5288e-05	7.0055e-03	7.0055e-03
1.7085e+03	3.2322e+00	9.5432e-05	6.9734e-03	6.9734e-03
1.7108e+03	3.2316e+00	9.5576e-05	6.9413e-03	6.9413e-03
1.7131e+03	3.2310e+00	9.5721e-05	6.9091e-03	6.9091e-03
1.7153e+03	3.2304e+00	9.5866e-05	6.8768e-03	6.8768e-03
1.7176e+03	3.2297e+00	9.6012e-05	6.8445e-03	6.8445e-03
1.7199e+03	3.2291e+00	9.6158e-05	6.8120e-03	6.8120e-03
1.7222e+03	3.2285e+00	9.6305e-05	6.7795e-03	6.7795e-03
1.7244e+03	3.2279e+00	9.6452e-05	6.7470e-03	6.7470e-03
1.7267e+03	3.2273e+00	9.6599e-05	6.7143e-03	6.7143e-03
1.7290e+03	3.2267e+00	9.6747e-05	6.6816e-03	6.6816e-03
1.7313e+03	3.2261e+00	9.6895e-05	6.6488e-03	6.6488e-03
1.7335e+03	3.2255e+00	9.7044e-05	6.6159e-03	6.6159e-03
1.7358e+03	3.2249e+00	9.7193e-05	6.5830e-03	6.5830e-03
1.7381e+03	3.2242e+00	9.7343e-05	6.5500e-03	6.5500e-03
1.7404e+03	3.2236e+00	9.7493e-05	6.5169e-03	6.5169e-03
1.7427e+03	3.2230e+00	9.7644e-05	6.4838e-03	6.4838e-03
1.7449e+03	3.2224e+00	9.7794e-05	6.4506e-03	6.4506e-03
1.7472e+03	3.2218e+00	9.7946e-05	6.4173e-03	6.4173e-03
1.7495e+03	3.2212e+00	9.8098e-05	6.3840e-03	6.3840e-03
1.7518e+03	3.2206e+00	9.8250e-05	6.3505e-03	6.3505e-03
1.7540e+03	3.2200e+00	9.8402e-05	6.3171e-03	6.3171e-03
1.7563e+03	3.2194e+00	9.8556e-05	6.2835e-03	6.2835e-03
1.7586e+03	3.2188e+00	9.8709e-05	6.2499e-03	6.2499e-03
1.7609e+03	3.2182e+00	9.8863e-05	6.2163e-03	6.2163e-03
1.7632e+03	3.2176e+00	9.9017e-05	6.1825e-03	6.1825e-03
1.7654e+03	3.2170e+00	9.9172e-05	6.1488e-03	6.1488e-03
1.7677e+03	3.2163e+00	9.9327e-05	6.1149e-03	6.1149e-03
1.7700e+03	3.2157e+00	9.9483e-05	6.0810e-03	6.0810e-03
1.7723e+03	3.2151e+00	9.9639e-05	6.0470e-03	6.0470e-03
1.7745e+03	3.2145e+00	9.9796e-05	6.0130e-03	6.0130e-03
1.7768e+03	3.2139e+00	9.9953e-05	5.9789e-03	5.9789e-03
1.7791e+03	3.2133e+00	1.0011e-04	5.9448e-03	5.9448e-03
1.7814e+03	3.2127e+00	1.0027e-04	5.9106e-03	5.9106e-03
1.7836e+03	3.2121e+00	1.0043e-04	5.8764e-03	5.8764e-03
1.7859e+03	3.2115e+00	1.0058e-04	5.8421e-03	5.8421e-03
1.7882e+03	3.2109e+00	1.0074e-04	5.8077e-03	5.8077e-03
1.7905e+03	3.2103e+00	1.0090e-04	5.7733e-03	5.7733e-03
1.7928e+03	3.2097e+00	1.0106e-04	5.7388e-03	5.7388e-03
1.7950e+03	3.2091e+00	1.0122e-04	5.7043e-03	5.7043e-03
1.7973e+03	3.2085e+00	1.0138e-04	5.6698e-03	5.6698e-03
1.7996e+03	3.2079e+00	1.0155e-04	5.6352e-03	5.6352e-03
1.8019e+03	3.2073e+00	1.0171e-04	5.6005e-03	5.6005e-03
1.8041e+03	3.2067e+00	1.0187e-04	5.5658e-03	5.5658e-03
1.8064e+03	3.2061e+00	1.0203e-04	5.5311e-03	5.5311e-03
1.8087e+03	3.2055e+00	1.0220e-04	5.4963e-03	5.4963e-03
1.8110e+03	3.2049e+00	1.0236e-04	5.4615e-03	5.4615e-03
1.8133e+03	3.2043e+00	1.0252e-04	5.4266e-03	5.4266e-03
1.8155e+03	3.2037e+00	1.0269e-04	5.3917e-03	5.3917e-03
1.8178e+03	3.2031e+00	1.0285e-04	5.3567e-03	5.3567e-03
1.8201e+03	3.2025e+00	1.0302e-04	5.3217e-03	5.3217e-03
1.8224e+03	3.2019e+00	1.0318e-04	5.2867e-03	5.2867e-03
1.8246e+03	3.2013e+00	1.0335e-04	5.2517e-03	5.2517e-03
1.8269e+03	3.2007e+00	1.0352e-04	5.2165e-03	5.2165e-03
1.8292e+03	3.2001e+00	1.0368e-04	5.1814e-03	5.1814e-03
1.8315e+03	3.1995e+00	1.0385e-04	5.1462e-03	5.1462e-03
1.8338e+03	3.1989e+00	1.0402e-04	5.1110e-03	5.1110e-03
1.8360e+03	3.1983e+00	1.0419e-04	5.0758e-03	5.0758e-03
1.8383e+03	3.1977e+00	1.0435e-04	5.0405e-03	5.0405e-03
1.8406e+03	3.1971e+00	1.0452e-04	5.0052e-03	5.0052e-03
1.8429e+03	3.1965e+00	1.0469e-04	4.9699e-03	4.9699e-03
1.8451e+03	3.1959e+00	1.0486e-04	4.9346e-03	4.9346e-03
1.8474e+03	3.1953e+00	1.0503e-04	4.8992e-03	4.8992e-03
1.8497e+03	3.1947e+00	1.0520e-04	4.8638e-03	4.8638e-03
1.8520e+03	3.1941e+00	1.0538e-04	4.8284e-03	4.8284e-03
1.8542e+03	3.1935e+00	1.0555e-04	4.7929e-03	4.7929e-03
1.8565e+03	3.1929e+00	1.0572e-04	4.7575e-03	4.7575e-03
1.8588e+03	3.1923e+00	1.0589e-04	4.7220e-03	4.7220e-03
1.8611e+03	3.1917e+00	1.0606e-04	4.6865e-03	4.6865e-03
1.8634e+03	3.1911e+00	1.0624e-04	4.6510e-03	4.6510e-03
1.8656e+03	3.1905e+00	1.0641e-04	4.6154e-03	4.6154e-03
1.8679e+03	3.1899e+00	1.0659e-04	4.5799e-03	4.5799e-03
1.8702e+03	3.1893e+00	1.0676e-04	4.5443e-03	4.5443e-03
1.8725e+03	3.1887e+00	1.0694e-04	4.5087e-03	4.5087e-03
1.8747e+03	3.1881e+00	1.0711e-04	4.4732e-03	4.4732e-03
1.8770e+03	3.1875e+00	1.0729e-04	4.4376e-03	4.4376e-03
1.8793e+03	3.1869e+00	1.0746e-04	4.4020e-03	4.4020e-03
1.8816e+03	3.1863e+00	1.0764e-04	4.3664e-03	4.3664e-03
1.8839e+03	3.1856e+00	1.0782e-04	4.3307e-03	4.3307e-03
1.8861e+03	3.1850e+00	1.0800e-04	4.2951e-03	4.2951e-03
1.8884e+03	3.1844e+00	1.0817e-04	4.2595e-03	4.2595e-03
1.8907e+03	3.1838e+00	1.0835e-04	4.2239e-03	4.2239e-03
1.8930e+03	3.1832e+00	1.0853e-04	4.1883e-03	4.1883e-03
1.8952e+03	3.1826e+00	1.0871e-04	4.1527e-03	4.1527e-03
1.8975e+03	3.1820e+00	1.0889e-04	4.1171e-03	4.1171e-03
1.8998e+03	3.1814e+00	1.0907e-04	4.0815e-03	4.0815e-03
1.9021e+03	3.1808e+00	1.0925e-04	4.0459e-03	4.0459e-03
1.9043e+03	3.1802e+00	1.0943e-04	4.0103e-03	4.0103e-03
1.9066e+03	3.1796e+00	1.0962e-04	3.9747e-03	3.9747e-03
1.9089e+03	3.1790e+00	1.0980e-04	3.9392e-03	3.9392e-03
1.9112e+03	3.1784e+00	1.0998e-04	3.9036e-03	3.9036e-03
1.9135e+03	3.1778e+00	1.1016e-04	3.8681e-03	3.8681e-03
1.9157e+03	3.1772e+00	1.1035e-04	3.8326e-03	3.8326e-03
1.9180e+03	3.1766e+00	1.1053e-04	3.7971e-03	3.7971e-03
1.9203e+03	3.1760e+00	1.1071e-04	3.7616e-03	3.7616e-03
1.9226e+03	3.1754e+00	1.1090e-04	3.7261e-03	3.7261e-03
1.9248e+03	3.1748e+00	1.1108e-04	3.6907e-03	3.6907e-03
1.9271e+03	3.1742e+00	1.1127e-04	3.6553e-03	3.6553e-03
1.9294e+03	3.1736e+00	1.1146e-04	3.6199e-03	3.6199e-03
1.9317e+03	3.1730e+00	1.1164e-04	3.5846e-03	3.5846e-03
1.9340e+03	3.1724e+00	1.1183e-04	3.5493e-03	3.5493e-03
1.9362e+03	3.1717e+00	1.1202e-04	3.5140e-03	3.5140e-03
1.9385e+03	3.1711e+00	1.1220e-04	3.4787e-03	3.4787e-03
1.9408e+03	3.1705e+00	1.1239e-04	3.4435e-03	3.4435e-03
1.9431e+03	3.1699e+00	1.1258e-04	3.4083e-03	3.4083e-03
1.9453e+03	3.1693e+00	1.1277e-04	3.3732e-03	3.3732e-03
1.9476e+03	3.1687e+00	1.1296e-04	3.3381e-03	3.3381e-03
1.9499e+03	3.1681e+00	1.1315e-04	3.3030e-03	3.3030e-03
1.9522e+03	3.1675e+00	1.1334e-04	3.2680e-03	3.2680e-03
1.9544e+03	3.1669e+00	1.1353e-04	3.2331e-03	3.2331e-03
1.9567e+03	3.1663e+00	1.1372e-04	3.1982e-03	3.1982e-03
1.9590e+03	3.1656e+00	1.1391e-04	3.1633e-03	3.1633e-03
1.9613e+03	3.1650e+00	1.1410e-04	3.1285e-03	3.1285e-03
1.9636e+03	3.1644e+00	1.1430e-04	3.0937e-03	3.0937e-03
1.9658e+03	3.1638e+00	1.1449e-04	3.0590e-03	3.0590e-03
1.9681e+03	3.1632e+00	1.1468e-04	3.0244e-03	3.0244e-03
1.9704e+03	3.1626e+00	1.1488e-04	2.9898e-03	2.9898e-03
1.9727e+03	3.1620e+00	1.1507e-04	2.9553e-03	2.9553e-03
1.9749e+03	3.1613e+00	1.1527e-04	2.9208e-03	2.9208e-03
1.9772e+03	3.1607e+00	1.1546e-04	2.8865e-03	2.8865e-03
1.9795e+03	3.1601e+00	1.1566e-04	2.8521e-03	2.8521e-03
1.9818e+03	3.1595e+00	1.1585e-04	2.8179e-03	2.8179e-03
1.9841e+03	3.1589e+00	1.1605e-04	2.7837e-03	2.7837e-03
1.9863e+03	3.1582e+00	1.1625e-04	2.7496e-03	2.7496e-03
1.9886e+03	3.1576e+00	1.1644e-04	2.7156e-03	2.7156e-03
1.9909e+03	3.1570e+00	1.1664e-04	2.6817e-03	2.6817e-03
1.9932e+03	3.1564e+00	1.1684e-04	2.6478e-03	2.6478e-03
1.9954e+03	3.1557e+00	1.1704e-04	2.6141e-03	2.6141e-03
1.9977e+03	3.1551e+00	1.1724e-04	2.5804e-03	2.5804e-03
2.0000e+03	3.1545e+00	1.1744e-04	2.5468e-03	2.5468e-03
2.0023e+03	3.1539e+00	1.1764e-04	2.5133e-03	2.5133e-03
2.0045e+03	3.1532e+00	1.1784e-04	2.4799e-03	2.4799e-03
2.0068e+03	3.1526e+00	1.1804e-04	2.4465e-03	2.4465e-03
2.0091e+03	3.1520e+00	1.1824e-04	2.4133e-03	2.4133e-03
2.0114e+03	3.1513e+00	1.1844e-04	2.3802e-03	2.3802e-03
2.0137e+03	3.1507e+00	1.1864e-04	2.3472e-03	2.3472e-03
2.0159e+03	3.1501e+00	1.1884e-04	2.3143e-03	2.3143e-03
2.0182e+03	3.1494e+00	1.1905e-04	2.2815e-03	2.2815e-03
2.0205e+03	3.1488e+00	1.1925e-04	2.2488e-03	2.2488e-03
2.0228e+03	3.1482e+00	1.1945e-04	2.2162e-03	2.2162e-03
2.0250e+03	3.1475e+00	1.1966e-04	2.1837e-03	2.1837e-03
2.0273e+03	3.1469e+00	1.1986e-04	2.1514e-03	2.1514e-03
2.0296e+03	3.1462e+00	1.2007e-04	2.1191e-03	2.1191e-03
2.0319e+03	3.1456e+00	1.2027e-04	2.0870e-03	2.0870e-03
2.0342e+03	3.1450e+00	1.2048e-04	2.0550e-03	2.0550e-03
2.0364e+03	3.1443e+00	1.2069e-04	2.0232e-03	2.0232e-03
2.0387e+03	3.1437e+00	1.2089e-04	1.9914e-03	1.9914e-03
2.0410e+03	3.1430e+00	1.2110e-04	1.9598e-03	1.9598e-03
2.0433e+03	3.1424e+00	1.2131e-04	1.9284e-03	1.9284e-03
2.0455e+03	3.1417e+00	1.2152e-04	1.8971e-03	1.8971e-03
2.0478e+03	3.1411e+00	1.2172e-04	1.8659e-03	1.8659e-03
2.0501e+03	3.1404e+00	1.2193e-04	1.8348e-03	1.8348e-03
2.0524e+03	3.1398e+00	1.2214e-04	1.8039e-03	1.8039e-03
2.0546e+03	3.1391e+00	1.2235e-04	1.7732e-03	1.7732e-03
2.0569e+03	3.1384e+00	1.2256e-04	1.7426e-03	1.7426e-03
2.0592e+03	3.1378e+00	1.2277e-04	1.7121e-03	1.7121e-03
2.0615e+03	3.1371e+00	1.2298e-04	1.6818e-03	1.6818e-03
2.0638e+03	3.1364e+00	1.2320e-04	1.6517e-03	1.6517e-03
2.0660e+03	3.1358e+00	1.2341e-04	1.6217e-03	1.6217e-03
2.0683e+03	3.1351e+00	1.2362e-04	1.5919e-03	1.5919e-03
2.0706e+03	3.1344e+00	1.2383e-04	1.5623e-03	1.5623e-03
2.0729e+03	3.1338e+00	1.2405e-04	1.5328e-03	1.5328e-03
2.0751e+03	3.1331e+00	1.2426e-04	1.5035e-03	1.5035e-03
2.0774e+03	3.1324e+00	1.2447e-04	1.4744e-03	1.4744e-03
2.0797e+03	3.1317e+00	1.2469e-04	1.4455e-03	1.4455e-03
2.0820e+03	3.1310e+00	1.2490e-04	1.4167e-03	1.4167e-03
2.0843e+03	3.1303e+00	1.2512e-04	1.3882e-03	1.3882e-03
2.0865e+03	3.1297e+00	1.2534e-04	1.3598e-03	1.3598e-03
2.0888e+03	3.1290e+00	1.2555e-04	1.3316e-03	1.3316e-03
2.0911e+03	3.1283e+00	1.2577e-04	1.3036e-03	1.3036e-03
2.0934e+03	3.1276e+00	1.2599e-04	1.2758e-03	1.2758e-03
2.0956e+03	3.1269e+00	1.2620e-04	1.2482e-03	1.2482e-03
2.0979e+03	3.1262e+00	1.2642e-04	1.2208e-03	1.2208e-03
2.1002e+03	3.1255e+00	1.2664e-04	1.1936e-03	1.1936e-03
2.1025e+03	3.1247e+00	1.2686e-04	1.1666e-03	1.1666e-03
2.1048e+03	3.1240e+00	1.2708e-04	1.1398e-03	1.1398e-03
2.1070e+03	3.1233e+00	1.2730e-04	1.1133e-03	1.1133e-03
2.1093e+03	3.1226e+00	1.2752e-04	1.0870e-03	1.0870e-03
2.1116e+03	3.1219e+00	1.2774e-04	1.0608e-03	1.0608e-03
2.1139e+03	3.1211e+00	1.2796e-04	1.0350e-03	1.0350e-03
2.1161e+03	3.1204e+00	1.2818e-04	1.0093e-03	1.0093e-03
2.1184e+03	3.1197e+00	1.2840e-04	9.8388e-04	9.8388e-04
2.1207e+03	3.1189e+00	1.2863e-04	9.5869e-04	9.5869e-04
2.1230e+03	3.1182e+00	1.2885e-04	9.3373e-04	9.3373e-04
2.1252e+03	3.1175e+00	1.2907e-04	9.0902e-04	9.0902e-04
2.1275e+03	3.1167e+00	1.2930e-04	8.8456e-04	8.8456e-04
2.1298e+03	3.1159e+00	1.2952e-04	8.6034e-04	8.6034e-04
2.1321e+03	3.1152e+00	1.2975e-04	8.3638e-04	8.3638e-04
2.1344e+03	3.1144e+00	1.2997e-04	8.1267e-04	8.1267e-04
2.1366e+03	3.1136e+00	1.3020e-04	7.8922e-04	7.8922e-04
2.1389e+03	3.1129e+00	1.3042e-04	7.6603e-04	7.6603e-04
2.1412e+03	3.1121e+00	1.3065e-04	7.4311e-04	7.4311e-04
2.1435e+03	3.1113e+00	1.3088e-04	7.2046e-04	7.2046e-04
2.1457e+03	3.1105e+00	1.3110e-04	6.9808e-04	6.9808e-04
2.1480e+03	3.1097e+00	1.3133e-04	6.7598e-04	6.7598e-04
2.1503e+03	3.1089e+00	1.3156e-04	6.5416e-04	6.5416e-04
2.1526e+03	3.1081e+00	1.3179e-04	6.3262e-04	6.3262e-04
2.1549e+03	3.1073e+00	1.3202e-04	6.1137e-04	6.1137e-04
2.1571e+03	3.1064e+00	1.3225e-04	5.9041e-04	5.9041e-04
2.1594e+03	3.1056e+00	1.3248e-04	5.6974e-04	5.6974e-04
2.1617e+03	3.1047e+00	1.3271e-04	5.4938e-04	5.4938e-04
2.1640e+03	3.1039e+00	1.3294e-04	5.2931e-04	5.2931e-04
2.1662e+03	3.1030e+00	1.3317e-04	5.0955e-04	5.0955e-04
2.1685e+03	3.1022e+00	1.3340e-04	4.9011e-04	4.9011e-04
2.1708e+03	3.1013e+00	1.3363e-04	4.7097e-04	4.7097e-04
2.1731e+03	3.1004e+00	1.3386e-04	4.5215e-04	4.5215e-04
2.1753e+03	3.0995e+00	1.3410e-04	4.3366e-04	4.3366e-04
2.1776e+03	3.0986e+00	1.3433e-04	4.1549e-04	4.1549e-04
2.1799e+03	3.0977e+00	1.3456e-04	3.9764e-04	3.9764e-04
2.1822e+03	3.0967e+00	1.3480e-04	3.8014e-04	3.8014e-04
2.1845e+03	3.0958e+00	1.3503e-04	3.6296e-04	3.6296e-04
2.1867e+03	3.0948e+00	1.3527e-04	3.4613e-04	3.4613e-04
2.1890e+03	3.0939e+00	1.3550e-04	3.2964e-04	3.2964e-04
2.1913e+03	3.0929e+00	1.3574e-04	3.1351e-04	3.1351e-04
2.1936e+03	3.0919e+00	1.3598e-04	2.9772e-04	2.9772e-04
2.1958e+03	3.0909e+00	1.3621e-04	2.8229e-04	2.8229e-04
2.1981e+03	3.0898e+00	1.3645e-04	2.6723e-04	2.6723e-04
2.2004e+03	3.0888e+00	1.3669e-04	2.5252e-04	2.5252e-04
2.2027e+03	3.0877e+00	1.3693e-04	2.3819e-04	2.3819e-04
2.2050e+03	3.0866e+00	1.3716e-04	2.2423e-04	2.2423e-04
2.2072e+03	3.0855e+00	1.3740e-04	2.1065e-04	2.1065e-04
2.2095e+03	3.0844e+00	1.3764e-04	1.9745e-04	1.9745e-04
2.2118e+03	3.0832e+00	1.3788e-04	1.8463e-04	1.8463e-04
2.2141e+03	3.0820e+00	1.3812e-04	1.7221e-04	1.7221e-04
2.2163e+03	3.0808e+00	1.3836e-04	1.6017e-04	1.6017e-04
2.2186e+03	3.0796e+00	1.3860e-04	1.4854e-04	1.4854e-04
2.2209e+03	3.0783e+00	1.3885e-04	1.3731e-04	1.3731e-04
2.2232e+03	3.0770e+00	1.3909e-04	1.2649e-04	1.2649e-04
2.2254e+03	3.0756e+00	1.3933e-04	1.1608e-04	1.1608e-04
2.2277e+03	3.0742e+00	1.3957e-04	1.0608e-04	1.0608e-04
2.2300e+03	3.0728e+00	1.3982e-04	9.6505e-05	9.6505e-05
2.2323e+03	3.0712e+00	1.4006e-04	8.7353e-05	8.7353e-05
2.2346e+03	3.0697e+00	1.4030e-04	7.8631e-05	7.8631e-05
2.2368e+03	3.0681e+00	1.4055e-04	7.0341e-05	7.0341e-05
2.2391e+03	3.0664e+00	1.4079e-04	6.2490e-05	6.2490e-05
2.2414e+03	3.0646e+00	1.4104e-04	5.5080e-05	5.5080e-05
2.2437e+03	3.0627e+00	1.4129e-04	4.8117e-05	4.8117e-05
2.2459e+03	3.0607e+00	1.4153e-04	4.1605e-05	4.1605e-05
2.2482e+03	3.0586e+00	1.4178e-04	3.5549e-05	3.5549e-05
2.2505e+03	3.0564e+00	1.4203e-04	2.9952e-05	2.9952e-05
2.2528e+03	3.0539e+00	1.4227e-04	2.4820e-05	2.4820e-05
2.2551e+03	3.0513e+00	1.4252e-04	2.0156e-05	2.0156e-05
2.2573e+03	3.0484e+00	1.4277e-04	1.5966e-05	1.5966e-05
2.2596e+03	3.0451e+00	1.4302e-04	1.2254e-05	1.2254e-05
2.2619e+03	3.0415e+00	1.4327e-04	9.0238e-06	9.0238e-06
2.2642e+03	3.0372e+00	1.4352e-04	6.2801e-06	6.2801e-06
2.2664e+03	3.0321e+00	1.4377e-04	4.0271e-06	4.0271e-06
2.2687e+03	3.0256e+00	1.4402e-04	2.2690e-06	2.2690e-06
2.2710e+03	3.0166e+00	1.4427e-04	1.0096e-06	1.0096e-06
2.2733e+03	3.0016e+00	1.4452e-04	2.5257e-07	2.5257e-07
2.2755e+03	2.8726e+00	1.4478e-04	1.2157e-12	1.2157e-12
